100
10 10
1100101010
1 7
2 6
3 7
3 4
2 5
1 2
6 9
4 8
3 10
4 10
10 10
1101011011
5 6
1 10
2 4
6 10
3 7
4 8
2 9
4 6
5 7
2 5
10 10
0111001001
5 9
5 7
3 8
6 9
5 8
4 10
4 8
5 7
1 8
3 10
10 10
0101101000
2 5
1 9
1 3
4 5
5 6
2 7
1 5
5 7
7 9
1 10
10 10
0100011100
2 7
9 10
5 9
6 10
6 9
5 9
2 9
7 10
2 5
8 9
10 10
1001001011
5 9
5 9
2 7
3 8
3 9
4 7
7 9
1 4
3 8
6 10
10 10
1011000001
1 2
5 9
9 10
8 9
6 8
1 6
6 9
3 8
1 3
1 8
10 10
0110100001
8 9
3 7
2 9
6 10
1 6
2 6
1 2
8 10
3 5
8 9
10 10
0110011011
2 3
4 5
4 7
6 7
4 9
2 6
1 7
8 10
8 10
2 9
10 10
0010010100
3 8
2 7
1 4
2 5
6 7
7 9
4 6
2 7
2 6
2 8
10 10
0001011010
3 5
7 8
7 10
1 9
2 3
6 10
3 10
1 6
4 5
1 3
10 10
1010011110
4 6
2 3
1 2
5 10
5 10
1 3
3 8
7 10
5 6
3 4
10 10
0100010100
3 7
2 4
1 2
2 8
8 9
3 8
1 10
2 7
4 10
6 7
10 10
0110101001
9 10
8 10
2 8
7 10
3 6
2 8
2 6
4 6
6 7
2 8
10 10
0000101100
1 6
1 3
3 6
1 4
2 9
4 6
1 6
1 3
5 10
4 7
10 10
1100001100
2 9
5 9
3 8
7 9
5 7
3 10
5 7
1 4
3 6
2 3
10 10
1010010000
4 9
9 10
4 10
7 9
5 6
2 8
5 6
3 9
5 6
2 4
10 10
0100110000
2 10
1 6
6 7
1 5
1 3
3 4
4 6
5 8
3 9
3 7
10 10
0101000001
7 10
9 10
4 5
5 6
2 5
4 6
3 6
4 5
8 10
3 7
10 10
0010011100
1 6
2 10
3 9
1 4
1 8
2 10
2 10
2 4
4 10
7 8
10 10
1001000011
1 8
6 7
1 7
3 4
2 3
3 5
1 3
4 5
1 3
9 10
10 10
0110001111
6 8
4 7
4 10
1 5
5 6
6 9
1 6
4 9
6 9
1 6
10 10
0010101011
3 4
4 7
1 7
9 10
2 5
4 9
7 8
1 8
3 4
7 8
10 10
0100010101
7 8
7 9
1 8
6 8
4 8
6 10
6 7
1 8
6 10
4 8
10 10
0111010111
4 5
4 7
8 9
1 8
1 8
1 6
7 8
3 9
6 8
7 8
10 10
0101000001
5 9
7 8
1 8
2 9
5 7
1 9
6 8
6 8
6 9
7 9
10 10
1011001110
4 6
8 10
7 10
4 10
2 3
3 8
7 10
2 7
4 5
2 6
10 10
1100010000
5 8
7 10
4 5
7 9
7 8
5 8
9 10
2 4
1 8
7 8
10 10
1001000010
4 10
1 4
7 10
3 4
2 8
4 8
1 9
5 6
5 7
5 6
10 10
1010001101
5 10
6 10
1 2
1 6
1 2
2 5
2 8
2 8
8 9
4 5
10 10
1111000100
2 6
2 6
2 10
1 4
2 3
3 9
2 6
6 10
3 7
4 9
10 10
0100000100
3 7
4 6
2 6
1 2
7 10
2 10
1 5
6 7
6 10
1 7
10 10
1010111000
8 10
2 3
3 8
3 4
3 7
8 9
1 4
2 3
1 8
3 5
10 10
0011101101
6 8
2 3
2 5
8 9
5 8
3 6
6 8
6 9
4 5
5 10
10 10
1100111010
1 5
4 10
5 10
6 9
2 4
4 6
1 7
2 6
7 9
2 10
10 10
0101001101
2 7
3 4
4 9
6 7
3 9
5 8
3 5
6 9
7 8
1 5
10 10
1011011011
2 5
5 7
1 3
1 4
6 7
3 10
6 10
1 10
2 10
2 10
10 10
0100111111
3 4
4 8
1 2
3 9
3 9
2 5
3 7
4 8
8 10
3 10
10 10
0110101011
1 4
3 9
6 9
7 10
6 8
5 10
4 10
3 7
2 6
5 8
10 10
0101011010
8 9
6 9
6 10
5 7
2 8
4 9
4 7
4 7
4 6
3 5
10 10
1011100100
8 9
3 9
1 6
1 7
2 5
2 8
8 9
3 7
3 5
3 8
10 10
1001111110
8 10
4 8
2 10
2 10
1 7
6 9
3 6
2 9
1 4
3 6
10 10
0101110100
2 9
3 6
1 7
1 5
3 10
8 10
3 7
1 7
5 8
2 5
10 10
1010000011
1 6
2 10
3 6
2 10
2 9
5 6
6 10
3 6
4 7
5 6
10 10
0100111110
4 7
1 4
3 6
3 5
2 4
8 10
4 8
1 9
2 8
1 2
10 10
1010011101
4 5
1 3
2 10
3 9
3 8
3 8
1 9
8 10
3 7
4 10
10 10
1010000010
2 5
1 7
6 8
6 9
9 10
3 5
2 7
5 9
5 7
5 7
10 10
0101010010
5 7
1 4
6 10
2 9
2 10
3 10
2 5
3 6
3 9
2 6
10 10
1010111001
1 9
2 9
1 10
2 7
4 8
2 10
4 10
1 5
2 7
5 6
10 10
0111101101
1 8
4 5
1 2
3 5
3 7
2 7
1 8
8 10
1 8
4 5
10 10
0010101110
4 6
5 9
4 6
7 9
4 5
1 7
2 8
2 8
4 6
5 8
10 10
0100111110
6 10
5 7
2 7
3 10
1 2
1 4
7 9
2 4
3 10
1 9
10 10
0010111000
1 5
2 10
3 4
5 8
1 6
6 7
3 10
6 10
2 5
5 10
10 10
0110001010
1 8
2 6
2 10
1 9
3 8
6 8
4 6
3 4
3 9
5 6
10 10
0100011001
2 3
4 7
8 9
3 9
4 10
6 7
1 5
4 5
9 10
4 7
10 10
1101110101
4 5
9 10
2 10
8 9
2 9
4 9
2 7
8 9
3 7
2 5
10 10
1010000010
8 10
8 10
3 10
2 9
4 7
2 4
3 10
3 4
9 10
3 4
10 10
1001001100
2 3
6 8
5 9
3 10
1 9
5 8
8 9
1 6
6 10
7 10
10 10
0001000010
3 9
1 3
4 10
2 9
4 9
7 10
3 8
7 9
4 6
2 4
10 10
0000111110
5 6
1 4
5 10
3 8
1 5
3 9
2 5
6 9
4 6
3 7
10 10
0010110010
3 7
7 9
4 6
7 9
9 10
1 10
9 10
5 7
5 10
1 5
10 10
0011101010
7 10
2 9
6 7
1 3
4 8
2 10
5 8
9 10
1 9
4 7
10 10
1011111010
4 7
1 2
2 7
2 4
2 8
3 9
6 10
4 5
3 10
8 10
10 10
0001110011
3 4
3 4
4 7
5 10
7 8
5 9
5 9
3 4
2 10
7 9
10 10
1010101110
5 6
2 4
6 8
2 5
5 9
9 10
6 8
1 2
6 10
4 7
10 10
1011100101
2 4
1 10
4 7
2 9
8 9
2 4
2 7
2 10
1 5
7 8
10 10
1011011100
6 9
5 7
1 7
2 5
2 5
6 7
6 8
1 3
1 7
1 3
10 10
0110110111
4 10
1 4
4 5
2 9
7 10
5 8
5 9
1 9
4 6
1 7
10 10
1110100100
1 3
6 7
3 9
2 3
2 10
2 5
5 10
5 6
1 6
8 10
10 10
1011101000
2 5
1 8
9 10
3 8
5 8
6 8
3 8
3 5
1 7
4 10
10 10
0101101111
2 6
8 10
2 8
3 8
1 5
2 4
5 8
5 8
5 10
4 6
10 10
0110110100
3 6
7 9
4 5
5 10
5 7
7 9
3 8
5 9
3 5
2 9
10 10
1011011100
6 7
4 10
5 7
6 8
1 4
6 7
5 9
8 10
6 9
2 3
10 10
0011101011
2 7
5 9
3 9
4 5
3 6
1 6
4 7
2 4
3 8
1 3
10 10
1100110100
6 8
1 4
6 10
4 10
4 10
1 2
3 5
4 6
5 10
4 9
10 10
1111011111
1 8
2 4
6 10
6 10
8 10
7 8
8 9
3 7
2 9
3 5
10 10
1010001010
6 9
5 6
8 10
4 9
6 7
4 9
2 7
3 10
3 8
6 10
10 10
1001111010
2 3
5 6
6 8
2 6
1 9
8 10
1 5
7 8
3 6
1 10
10 10
0101011100
1 5
4 5
3 9
5 10
2 8
5 7
5 6
3 6
5 10
4 9
10 10
0000010011
1 8
2 6
2 8
1 4
7 9
4 9
7 8
3 8
3 10
2 4
10 10
0010000011
8 9
7 10
5 6
3 9
2 10
1 6
2 5
3 6
1 3
2 4
10 10
1101001011
7 8
1 6
2 5
2 10
1 7
6 8
5 7
9 10
3 5
2 5
10 10
1110011010
5 7
2 10
2 5
4 5
3 6
6 7
3 9
7 9
6 10
2 3
10 10
1110100101
7 10
1 6
6 7
7 9
4 5
3 4
4 7
6 7
5 10
3 4
10 10
1101010110
7 8
1 5
3 10
3 10
1 8
4 7
3 9
2 7
3 7
2 3
10 10
1110000110
1 4
1 4
5 9
7 9
3 7
5 6
9 10
1 3
7 10
1 7
10 10
0010100010
3 10
6 7
5 6
3 8
5 8
3 9
1 9
3 7
5 9
2 8
10 10
0100000101
5 9
2 5
4 5
2 9
7 9
4 10
3 7
6 9
9 10
1 6
10 10
0010101010
4 7
3 4
5 10
1 10
8 10
3 8
5 8
5 8
5 6
2 5
10 10
1011100010
2 5
7 9
8 9
2 8
3 7
4 9
2 7
7 10
6 8
2 4
10 10
0110011010
4 5
5 6
4 7
7 9
9 10
5 6
2 4
5 9
4 9
5 6
10 10
1110010110
4 7
2 5
1 4
6 8
6 7
1 5
5 6
4 6
5 10
3 9
10 10
1001110101
7 9
3 9
2 9
2 5
6 7
7 8
2 3
3 4
4 7
1 2
10 10
1000110000
3 7
4 10
3 9
1 2
4 8
3 7
6 7
1 6
4 8
1 8
10 10
0011110010
2 3
7 10
1 2
1 6
5 9
2 5
7 10
2 10
1 3
2 4
10 10
0010110010
1 8
2 9
1 5
1 6
4 10
9 10
4 8
3 4
6 10
4 6
10 10
0111100110
3 8
3 10
2 4
3 6
3 6
6 7
4 6
2 9
3 10
2 8
10 10
0011111100
3 6
1 4
1 10
6 8
3 10
2 9
4 7
4 9
2 7
6 7
10 10
1100100111
8 10
3 8
6 8
9 10
6 10
2 4
6 9
3 10
5 10
1 3
10 10
1111111111
1 8
7 9
5 6
6 8
5 10
4 7
3 5
6 8
6 10
3 8
