5
50
1 1
2 1 2
3 1 2 3
4 1 2 3 4
5 1 2 3 4 5
6 1 2 3 4 5 6
7 1 2 3 4 5 6 7
8 1 2 3 4 5 6 7 8
9 1 2 3 4 5 6 7 8 9
10 1 2 3 4 5 6 7 8 9 10
11 1 2 3 4 5 6 7 8 9 10 11
12 1 2 3 4 5 6 7 8 9 10 11 12
13 1 2 3 4 5 6 7 8 9 10 11 12 13
14 1 2 3 4 5 6 7 8 9 10 11 12 13 14
15 1 2 3 4 5 6 7 8 9 10 11 12 13 14 15
16 1 2 3 4 5 6 7 8 9 10 11 12 13 14 15 16
17 1 2 3 4 5 6 7 8 9 10 11 12 13 14 15 16 17
18 1 2 3 4 5 6 7 8 9 10 11 12 13 14 15 16 17 18
19 1 2 3 4 5 6 7 8 9 10 11 12 13 14 15 16 17 18 19
20 1 2 3 4 5 6 7 8 9 10 11 12 13 14 15 16 17 18 19 20
21 1 2 3 4 5 6 7 8 9 10 11 12 13 14 15 16 17 18 19 20 21
22 1 2 3 4 5 6 7 8 9 10 11 12 13 14 15 16 17 18 19 20 21 22
23 1 2 3 4 5 6 7 8 9 10 11 12 13 14 15 16 17 18 19 20 21 22 23
24 1 2 3 4 5 6 7 8 9 10 11 12 13 14 15 16 17 18 19 20 21 22 23 24
25 1 2 3 4 5 6 7 8 9 10 11 12 13 14 15 16 17 18 19 20 21 22 23 24 25
26 1 2 3 4 5 6 7 8 9 10 11 12 13 14 15 16 17 18 19 20 21 22 23 24 25 26
27 1 2 3 4 5 6 7 8 9 10 11 12 13 14 15 16 17 18 19 20 21 22 23 24 25 26 27
28 1 2 3 4 5 6 7 8 9 10 11 12 13 14 15 16 17 18 19 20 21 22 23 24 25 26 27 28
29 1 2 3 4 5 6 7 8 9 10 11 12 13 14 15 16 17 18 19 20 21 22 23 24 25 26 27 28 29
30 1 2 3 4 5 6 7 8 9 10 11 12 13 14 15 16 17 18 19 20 21 22 23 24 25 26 27 28 29 30
31 1 2 3 4 5 6 7 8 9 10 11 12 13 14 15 16 17 18 19 20 21 22 23 24 25 26 27 28 29 30 31
32 1 2 3 4 5 6 7 8 9 10 11 12 13 14 15 16 17 18 19 20 21 22 23 24 25 26 27 28 29 30 31 32
33 1 2 3 4 5 6 7 8 9 10 11 12 13 14 15 16 17 18 19 20 21 22 23 24 25 26 27 28 29 30 31 32 33
34 1 2 3 4 5 6 7 8 9 10 11 12 13 14 15 16 17 18 19 20 21 22 23 24 25 26 27 28 29 30 31 32 33 34
35 1 2 3 4 5 6 7 8 9 10 11 12 13 14 15 16 17 18 19 20 21 22 23 24 25 26 27 28 29 30 31 32 33 34 35
36 1 2 3 4 5 6 7 8 9 10 11 12 13 14 15 16 17 18 19 20 21 22 23 24 25 26 27 28 29 30 31 32 33 34 35 36
37 1 2 3 4 5 6 7 8 9 10 11 12 13 14 15 16 17 18 19 20 21 22 23 24 25 26 27 28 29 30 31 32 33 34 35 36 37
38 1 2 3 4 5 6 7 8 9 10 11 12 13 14 15 16 17 18 19 20 21 22 23 24 25 26 27 28 29 30 31 32 33 34 35 36 37 38
39 1 2 3 4 5 6 7 8 9 10 11 12 13 14 15 16 17 18 19 20 21 22 23 24 25 26 27 28 29 30 31 32 33 34 35 36 37 38 39
40 1 2 3 4 5 6 7 8 9 10 11 12 13 14 15 16 17 18 19 20 21 22 23 24 25 26 27 28 29 30 31 32 33 34 35 36 37 38 39 40
41 1 2 3 4 5 6 7 8 9 10 11 12 13 14 15 16 17 18 19 20 21 22 23 24 25 26 27 28 29 30 31 32 33 34 35 36 37 38 39 40 41
42 1 2 3 4 5 6 7 8 9 10 11 12 13 14 15 16 17 18 19 20 21 22 23 24 25 26 27 28 29 30 31 32 33 34 35 36 37 38 39 40 41 42
43 1 2 3 4 5 6 7 8 9 10 11 12 13 14 15 16 17 18 19 20 21 22 23 24 25 26 27 28 29 30 31 32 33 34 35 36 37 38 39 40 41 42 43
44 1 2 3 4 5 6 7 8 9 10 11 12 13 14 15 16 17 18 19 20 21 22 23 24 25 26 27 28 29 30 31 32 33 34 35 36 37 38 39 40 41 42 43 44
45 1 2 3 4 5 6 7 8 9 10 11 12 13 14 15 16 17 18 19 20 21 22 23 24 25 26 27 28 29 30 31 32 33 34 35 36 37 38 39 40 41 42 43 44 45
46 1 2 3 4 5 6 7 8 9 10 11 12 13 14 15 16 17 18 19 20 21 22 23 24 25 26 27 28 29 30 31 32 33 34 35 36 37 38 39 40 41 42 43 44 45 46
47 1 2 3 4 5 6 7 8 9 10 11 12 13 14 15 16 17 18 19 20 21 22 23 24 25 26 27 28 29 30 31 32 33 34 35 36 37 38 39 40 41 42 43 44 45 46 47
48 1 2 3 4 5 6 7 8 9 10 11 12 13 14 15 16 17 18 19 20 21 22 23 24 25 26 27 28 29 30 31 32 33 34 35 36 37 38 39 40 41 42 43 44 45 46 47 48
49 1 2 3 4 5 6 7 8 9 10 11 12 13 14 15 16 17 18 19 20 21 22 23 24 25 26 27 28 29 30 31 32 33 34 35 36 37 38 39 40 41 42 43 44 45 46 47 48 49
50 1 2 3 4 5 6 7 8 9 10 11 12 13 14 15 16 17 18 19 20 21 22 23 24 25 26 27 28 29 30 31 32 33 34 35 36 37 38 39 40 41 42 43 44 45 46 47 48 49 50
50
1 10
1 24
1 15
1 32
1 18
0
2 31 6
1 4
2 8 33
2 4 9
1 20
1 26
1 12
2 3 21
1 22
1 5
1 21
1 25
2 7 29
2 26 25
1 29
1 19
1 23
2 16 22
1 11
1 14
1 7
1 16
1 1
2 5 15
2 23 28
1 30
2 30 14
2 1 10
1 13
1 3
1 2
1 6
2 13 27
2 18 24
1 17
2 11 17
1 9
1 28
1 19
1 33
1 31
2 2 12
1 8
1 27
50
2 11 18
1 28
2 1 14
2 7 21
1 5
0
2 3 17
1 11
1 15
1 24
1 17
1 20
4 8 16 24 27
2 13 25
2 26 12
2 20 2
1 10
4 22 9 4 23
2 10 28
2 6 5
3 2 20 12
1 21
1 6
1 19
2 4 23
1 23
1 16
1 9
4 13 25 7 21
2 19 15
1 3
1 12
2 22 9
1 2
1 7
1 14
1 13
1 26
4 6 5 19 15
1 22
1 27
1 1
1 18
1 4
4 3 17 1 14
1 25
2 8 16
2 24 27
1 8
4 11 18 10 28
50
0
1 8
2 8 11
1 1
2 3 12
2 19 2
2 20 10
1 13
4 13 18 24 1
1 23
2 14 9
1 20
0
2 13 18
2 16 22
1 11
1 2
4 15 23 19 2
1 22
4 8 11 4 5
1 19
1 7
4 17 7 14 9
1 6
2 24 1
23 6 22 21 3 8 20 19 18 2 15 7 5 13 1 24 16 23 12 14 17 4 9 11
1 9
0
2 21 6
1 10
1 24
1 18
1 5
1 15
2 17 7
1 4
4 21 6 16 22
8 8 11 4 5 17 7 14 9
2 15 23
16 13 18 24 1 3 12 20 10 8 11 4 5 17 7 14 9
8 13 18 24 1 3 12 20 10
1 16
4 3 12 20 10
2 4 5
1 14
1 21
8 21 6 16 22 15 23 19 2
1 17
1 12
1 3
50
1 28
7 17 7 19 2 11 36 37
1 19
1 30
1 8
1 9
1 14
1 24
7 15 10 32 22 14 20 34
1 4
1 41
1 26
1 7
1 25
1 22
1 21
1 2
41 35 3 5 37 11 4 34 6 39 23 21 25 1 2 16 9 40 38 28 41 36 7 18 33 32 29 12 24 42 17 22 31 20 15 14 8 30 26 13 27 19
7 33 5 18 21 16 27 29
1 36
1 6
1 37
1 1
7 28 31 38 9 13 42 12
1 5
7 35 8 25 30 40 1 3
7 39 4 23 26 6 24 41
0
1 34
1 35
1 31
1 13
1 15
1 20
1 17
1 29
1 10
1 38
1 18
1 32
1 16
1 27
1 39
1 12
1 42
1 3
1 40
1 11
1 33
1 23
