1000
4 9 9 13 16 33 37 41 48 48 52 53 62 63 116 119 120 124 124 128 134 138 145 149 153 158 161 162 164 165 167 175 176 179 189 192 195 198 198 208 210 211 211 213 214 233 236 237 239 249 257 261 262 265 268 282 291 291 293 293 293 294 299 302 308 310 316 317 322 325 325 334 341 342 350 354 355 359 364 370 373 375 384 410 413 418 421 431 434 439 441 442 459 470 474 479 485 485 488 490 498 498 499 500 504 504 507 510 515 518 522 523 525 531 540 543 549 551 559 573 583 588 590 596 597 599 600 604 605 614 618 626 627 648 651 652 655 656 661 662 668 677 695 699 700 702 704 708 710 714 726 726 735 740 741 744 747 749 750 750 751 753 756 765 766 774 788 789 789 794 806 807 807 813 821 824 824 825 832 842 845 846 847 852 853 856 861 872 883 889 894 896 898 906 915 916 917 917 938 946 952 965 965 976 982 984 987 988 995 999 1011 1013 1017 1017 1020 1021 1023 1031 1040 1040 1040 1053 1053 1053 1054 1054 1055 1060 1065 1073 1073 1080 1081 1086 1086 1087 1088 1099 1100 1101 1104 1108 1119 1125 1126 1133 1138 1149 1150 1177 1186 1187 1198 1203 1206 1207 1223 1236 1256 1260 1270 1275 1285 1285 1285 1295 1298 1314 1315 1317 1320 1326 1335 1335 1340 1348 1351 1360 1371 1379 1396 1399 1400 1400 1409 1418 1423 1429 1431 1438 1442 1442 1444 1456 1457 1457 1464 1466 1470 1470 1484 1484 1489 1501 1513 1514 1518 1521 1536 1538 1542 1548 1550 1555 1557 1570 1572 1584 1585 1588 1588 1589 1597 1606 1611 1626 1629 1630 1633 1635 1637 1641 1655 1657 1660 1662 1663 1668 1693 1694 1695 1697 1701 1702 1707 1708 1713 1715 1718 1719 1732 1734 1735 1738 1740 1749 1756 1764 1767 1772 1778 1778 1792 1799 1799 1807 1811 1812 1816 1822 1829 1857 1865 1868 1869 1881 1884 1885 1886 1889 1889 1897 1899 1906 1906 1923 1923 1927 1932 1957 1960 1965 1971 1973 1981 1984 1984 1991 1992 1993 1993 2004 2004 2012 2012 2020 2024 2025 2030 2030 2034 2036 2039 2044 2047 2063 2066 2070 2074 2075 2075 2077 2078 2082 2084 2088 2094 2098 2102 2113 2121 2126 2131 2131 2132 2135 2135 2145 2157 2164 2165 2166 2171 2195 2200 2204 2208 2213 2220 2220 2224 2238 2238 2238 2244 2248 2256 2260 2269 2270 2275 2284 2284 2286 2287 2291 2295 2302 2303 2307 2320 2321 2331 2337 2352 2355 2356 2358 2360 2369 2370 2373 2374 2385 2388 2391 2399 2407 2407 2408 2410 2417 2427 2428 2439 2440 2446 2451 2451 2465 2475 2479 2482 2485 2492 2511 2513 2515 2521 2526 2531 2534 2555 2556 2557 2560 2562 2564 2567 2567 2567 2573 2584 2585 2592 2595 2596 2598 2611 2611 2612 2615 2620 2621 2626 2632 2632 2649 2655 2657 2657 2664 2667 2692 2694 2698 2699 2706 2712 2713 2715 2726 2730 2732 2740 2740 2749 2753 2754 2756 2766 2784 2784 2819 2820 2820 2826 2836 2836 2842 2843 2859 2862 2867 2868 2875 2878 2878 2888 2894 2905 2906 2910 2911 2918 2920 2920 2934 2938 2940 2942 2958 2958 2964 2965 2968 2980 2993 2994 3007 3016 3018 3033 3035 3044 3046 3049 3050 3057 3076 3076 3081 3085 3088 3093 3110 3115 3118 3119 3121 3132 3144 3150 3151 3157 3157 3159 3167 3182 3191 3196 3203 3208 3218 3221 3224 3226 3228 3232 3241 3249 3250 3256 3257 3258 3273 3276 3290 3292 3293 3315 3317 3318 3334 3334 3336 3337 3358 3367 3371 3371 3374 3378 3381 3382 3388 3388 3394 3406 3412 3416 3416 3421 3421 3424 3425 3426 3429 3431 3438 3439 3448 3452 3469 3489 3491 3492 3498 3500 3503 3522 3525 3534 3535 3536 3538 3540 3544 3550 3555 3559 3563 3565 3568 3573 3579 3586 3595 3598 3603 3606 3607 3613 3627 3630 3636 3638 3639 3656 3668 3669 3686 3690 3691 3699 3700 3701 3718 3723 3728 3730 3731 3733 3741 3744 3744 3747 3749 3754 3765 3766 3770 3774 3774 3788 3800 3801 3812 3819 3834 3836 3840 3841 3845 3849 3852 3854 3857 3864 3865 3873 3879 3888 3892 3894 3898 3899 3900 3907 3913 3922 3926 3928 3930 3934 3940 3941 3941 3945 3946 3949 3954 3959 3961 3963 3964 3964 3967 3968 3970 3979 3979 3979 3981 3992 3995 4006 4010 4011 4012 4012 4023 4024 4034 4040 4042 4042 4048 4059 4061 4063 4065 4065 4071 4079 4083 4085 4090 4092 4094 4098 4100 4100 4111 4121 4128 4136 4141 4144 4146 4154 4155 4156 4156 4160 4164 4164 4172 4175 4178 4180 4186 4189 4208 4208 4211 4223 4224 4227 4231 4249 4256 4257 4257 4261 4268 4269 4280 4282 4287 4302 4306 4320 4341 4351 4358 4363 4368 4375 4375 4385 4391 4397 4398 4399 4403 4408 4409 4414 4416 4418 4420 4423 4430 4432 4434 4450 4451 4452 4453 4454 4454 4463 4471 4472 4479 4480 4480 4492 4501 4502 4502 4508 4512 4535 4545 4550 4555 4588 4596 4596 4602 4603 4608 4612 4613 4621 4639 4641 4642 4645 4647 4648 4650 4655 4655 4659 4663 4666 4676 4676 4676 4694 4697 4699 4702 4705 4710 4713 4731 4734 4740 4744 4745 4752 4754 4763 4765 4767 4771 4779 4781 4781 4784 4790 4790 4791 4795 4795 4802 4803 4803 4813 4822 4827 4837 4843 4853 4855 4859 4860 4867 4870 4881 4882 4896 4899 4901 4907 4907 4910 4914 4916 4921 4928 4929 4933 4935 4942 4942 4945 4945 4945 4946 4951 4972 4977 4978 4990 4996 1000
215 1000
616 1000
798 1000
136 1000
665 1000
114 1000
263 1000
773 1000
481 1000
342 1000
528 1000
737 1000
135 1000
531 1000
890 1000
12 1000
303 1000
832 1000
647 1000
520 1000
555 1000
970 1000
697 1000
632 1000
905 1000
266 1000
911 1000
272 1000
869 1000
341 1000
688 1000
757 1000
415 1000
368 1000
141 1000
693 1000
629 1000
12 1000
567 1000
849 1000
304 1000
401 1000
418 1000
579 1000
314 1000
308 1000
837 1000
931 1000
177 1000
857 1000
756 1000
842 1000
830 1000
234 1000
87 1000
320 1000
861 1000
496 1000
976 1000
1000 1000
76 1000
183 1000
702 1000
897 1000
701 1000
487 1000
576 1000
942 1000
178 1000
672 1000
824 1000
452 1000
967 1000
571 1000
210 1000
454 1000
242 1000
237 1000
630 1000
419 1000
896 1000
281 1000
290 1000
525 1000
431 1000
430 1000
359 1000
198 1000
578 1000
791 1000
442 1000
665 1000
957 1000
371 1000
752 1000
168 1000
600 1000
463 1000
625 1000
503 1000
930 1000
604 1000
562 1000
201 1000
148 1000
540 1000
619 1000
859 1000
456 1000
435 1000
84 1000
910 1000
946 1000
396 1000
887 1000
165 1000
470 1000
527 1000
890 1000
877 1000
501 1000
406 1000
90 1000
311 1000
716 1000
149 1000
242 1000
762 1000
410 1000
418 1000
542 1000
402 1000
383 1000
531 1000
145 1000
912 1000
327 1000
111 1000
972 1000
58 1000
213 1000
346 1000
82 1000
469 1000
460 1000
854 1000
351 1000
390 1000
123 1000
817 1000
302 1000
88 1000
184 1000
799 1000
881 1000
475 1000
350 1000
824 1000
811 1000
554 1000
866 1000
690 1000
821 1000
846 1000
332 1000
553 1000
898 1000
836 1000
139 1000
378 1000
550 1000
540 1000
73 1000
786 1000
403 1000
292 1000
108 1000
727 1000
9 1000
684 1000
591 1000
755 1000
218 1000
171 1000
931 1000
901 1000
723 1000
389 1000
493 1000
678 1000
79 1000
134 1000
791 1000
588 1000
424 1000
478 1000
1 1000
468 1000
733 1000
334 1000
66 1000
518 1000
556 1000
260 1000
208 1000
123 1000
511 1000
298 1000
146 1000
933 1000
837 1000
448 1000
96 1000
638 1000
206 1000
743 1000
7 1000
322 1000
152 1000
299 1000
423 1000
540 1000
748 1000
657 1000
228 1000
580 1000
68 1000
940 1000
837 1000
363 1000
107 1000
311 1000
140 1000
852 1000
111 1000
201 1000
961 1000
877 1000
931 1000
656 1000
806 1000
411 1000
455 1000
920 1000
225 1000
153 1000
446 1000
251 1000
328 1000
725 1000
744 1000
861 1000
141 1000
399 1000
159 1000
354 1000
613 1000
171 1000
992 1000
312 1000
920 1000
768 1000
931 1000
150 1000
682 1000
179 1000
961 1000
430 1000
690 1000
669 1000
968 1000
629 1000
964 1000
203 1000
458 1000
867 1000
455 1000
846 1000
543 1000
865 1000
218 1000
620 1000
405 1000
243 1000
880 1000
543 1000
746 1000
254 1000
835 1000
956 1000
480 1000
270 1000
241 1000
607 1000
878 1000
46 1000
981 1000
841 1000
631 1000
165 1000
1000 1000
726 1000
709 1000
307 1000
627 1000
662 1000
710 1000
609 1000
665 1000
99 1000
915 1000
336 1000
463 1000
681 1000
725 1000
274 1000
126 1000
90 1000
804 1000
220 1000
434 1000
116 1000
772 1000
508 1000
124 1000
64 1000
397 1000
76 1000
141 1000
281 1000
758 1000
340 1000
769 1000
708 1000
896 1000
265 1000
319 1000
315 1000
1 1000
889 1000
599 1000
187 1000
456 1000
37 1000
43 1000
841 1000
182 1000
146 1000
921 1000
408 1000
639 1000
105 1000
88 1000
402 1000
882 1000
455 1000
972 1000
493 1000
108 1000
734 1000
316 1000
686 1000
973 1000
935 1000
970 1000
664 1000
95 1000
486 1000
167 1000
328 1000
29 1000
671 1000
532 1000
42 1000
536 1000
174 1000
948 1000
290 1000
798 1000
667 1000
831 1000
553 1000
155 1000
583 1000
255 1000
953 1000
582 1000
105 1000
544 1000
233 1000
323 1000
866 1000
905 1000
960 1000
264 1000
821 1000
355 1000
64 1000
850 1000
849 1000
163 1000
755 1000
475 1000
191 1000
803 1000
268 1000
34 1000
10 1000
507 1000
794 1000
788 1000
847 1000
322 1000
898 1000
144 1000
476 1000
333 1000
145 1000
75 1000
739 1000
201 1000
952 1000
315 1000
613 1000
850 1000
712 1000
201 1000
311 1000
211 1000
583 1000
927 1000
41 1000
809 1000
154 1000
450 1000
228 1000
178 1000
648 1000
540 1000
813 1000
809 1000
252 1000
619 1000
6 1000
477 1000
319 1000
614 1000
152 1000
326 1000
53 1000
4 1000
505 1000
748 1000
485 1000
185 1000
120 1000
755 1000
540 1000
617 1000
127 1000
990 1000
630 1000
177 1000
222 1000
891 1000
110 1000
571 1000
351 1000
373 1000
128 1000
45 1000
781 1000
883 1000
733 1000
51 1000
245 1000
236 1000
846 1000
150 1000
106 1000
593 1000
604 1000
966 1000
344 1000
775 1000
435 1000
139 1000
645 1000
866 1000
695 1000
890 1000
343 1000
33 1000
151 1000
108 1000
911 1000
608 1000
576 1000
978 1000
819 1000
626 1000
765 1000
643 1000
432 1000
910 1000
194 1000
117 1000
659 1000
641 1000
94 1000
684 1000
736 1000
894 1000
116 1000
185 1000
359 1000
991 1000
727 1000
245 1000
649 1000
518 1000
664 1000
202 1000
974 1000
600 1000
612 1000
347 1000
770 1000
268 1000
239 1000
641 1000
142 1000
296 1000
148 1000
610 1000
110 1000
707 1000
552 1000
799 1000
128 1000
164 1000
705 1000
817 1000
472 1000
443 1000
367 1000
333 1000
274 1000
448 1000
839 1000
559 1000
83 1000
540 1000
187 1000
594 1000
438 1000
263 1000
620 1000
665 1000
479 1000
982 1000
777 1000
642 1000
955 1000
986 1000
563 1000
129 1000
46 1000
140 1000
99 1000
978 1000
524 1000
666 1000
195 1000
543 1000
168 1000
627 1000
292 1000
587 1000
840 1000
810 1000
118 1000
638 1000
643 1000
175 1000
698 1000
147 1000
577 1000
296 1000
780 1000
2 1000
626 1000
866 1000
967 1000
851 1000
188 1000
350 1000
131 1000
875 1000
700 1000
999 1000
149 1000
900 1000
581 1000
56 1000
809 1000
69 1000
383 1000
151 1000
229 1000
542 1000
354 1000
171 1000
421 1000
218 1000
312 1000
100 1000
151 1000
922 1000
832 1000
439 1000
489 1000
983 1000
164 1000
761 1000
204 1000
145 1000
221 1000
945 1000
789 1000
100 1000
51 1000
664 1000
475 1000
153 1000
198 1000
177 1000
925 1000
797 1000
419 1000
865 1000
175 1000
920 1000
178 1000
523 1000
521 1000
577 1000
376 1000
969 1000
224 1000
611 1000
505 1000
29 1000
721 1000
928 1000
574 1000
188 1000
21 1000
701 1000
876 1000
602 1000
986 1000
278 1000
670 1000
208 1000
757 1000
61 1000
899 1000
420 1000
15 1000
890 1000
8 1000
531 1000
929 1000
900 1000
414 1000
946 1000
74 1000
664 1000
302 1000
723 1000
429 1000
734 1000
440 1000
515 1000
783 1000
375 1000
942 1000
921 1000
883 1000
349 1000
758 1000
502 1000
556 1000
498 1000
156 1000
161 1000
596 1000
508 1000
905 1000
169 1000
361 1000
923 1000
25 1000
704 1000
481 1000
917 1000
294 1000
197 1000
704 1000
913 1000
681 1000
736 1000
295 1000
347 1000
877 1000
923 1000
319 1000
446 1000
908 1000
3 1000
589 1000
426 1000
309 1000
207 1000
400 1000
252 1000
464 1000
58 1000
49 1000
192 1000
250 1000
428 1000
380 1000
760 1000
94 1000
491 1000
520 1000
235 1000
573 1000
179 1000
138 1000
21 1000
608 1000
866 1000
334 1000
189 1000
59 1000
405 1000
117 1000
990 1000
485 1000
63 1000
423 1000
267 1000
461 1000
903 1000
610 1000
224 1000
292 1000
307 1000
523 1000
529 1000
444 1000
129 1000
287 1000
635 1000
810 1000
597 1000
341 1000
833 1000
600 1000
606 1000
840 1000
918 1000
870 1000
365 1000
143 1000
348 1000
539 1000
77 1000
908 1000
210 1000
854 1000
723 1000
187 1000
696 1000
239 1000
570 1000
672 1000
886 1000
199 1000
378 1000
940 1000
315 1000
834 1000
679 1000
843 1000
506 1000
391 1000
314 1000
1000 1000
193 1000
353 1000
155 1000
796 1000
662 1000
182 1000
594 1000
50 1000
461 1000
624 1000
617 1000
543 1000
669 1000
757 1000
513 1000
965 1000
506 1000
332 1000
895 1000
854 1000
599 1000
642 1000
188 1000
473 1000
25 1000
848 1000
330 1000
407 1000
175 1000
544 1000
910 1000
441 1000
939 1000
555 1000
927 1000
816 1000
892 1000
897 1000
640 1000
993 1000
508 1000
872 1000
490 1000
286 1000
334 1000
341 1000
732 1000
466 1000
835 1000
872 1000
972 1000
156 1000
330 1000
249 1000
510 1000
271 1000
484 1000
85 1000
711 1000
759 1000
717 1000
326 1000
747 1000
459 1000
274 1000
966 1000
969 1000
191 1000
624 1000
312 1000
863 1000
113 1000
386 1000
68 1000
135 1000
993 1000
364 1000
543 1000
150 1000
939 1000
661 1000
322 1000
851 1000
992 1000
986 1000
865 1000
949 1000
810 1000
765 1000
368 1000
408 1000
68 1000
123 1000
304 1000
243 1000
212 1000
211 1000
294 1000
237 1000
974 1000
161 1000
651 1000
718 1000
428 1000
750 1000
860 1000
535 1000
811 1000
652 1000
115 1000
770 1000
852 1000
26 1000
344 1000
937 1000
9 1000
835 1000
971 1000
280 1000
851 1000
992 1000
904 1000
670 1000
404 1000
244 1000
669 1000
961 1000
378 1000
317 1000
960 1000
934 1000
132 1000
288 1000
624 1000
696 1000
202 1000
888 1000
961 1000
847 1000
295 1000
721 1000
901 1000
255 1000
607 1000
862 1000
748 1000
132 1000
676 1000
361 1000
560 1000
740 1000
705 1000
866 1000
969 1000
200 1000
738 1000
798 1000
986 1000
751 1000
74 1000
692 1000
46 1000
890 1000
438 1000
325 1000
769 1000
445 1000
53 1000
539 1000
605 1000
574 1000
137 1000
856 1000
846 1000
199 1000
831 1000
61 1000
213 1000
804 1000
93 1000
656 1000
250 1000
387 1000
560 1000
451 1000
165 1000
322 1000
792 1000
192 1000
729 1000
367 1000
283 1000
459 1000
801 1000
88 1000
198 1000
726 1000
7 1000
