1000
2 2 2 4 17 25 27 30 40 51 57 59 64 66 71 96 96 97 99 110 115 116 119 127 132 137 138 148 150 159 162 163 165 171 177 179 180 182 185 186 186 190 191 191 192 193 196 196 196 204 217 220 223 223 228 228 229 230 230 236 238 256 257 257 269 273 274 274 276 286 291 292 292 295 298 304 316 318 320 322 327 329 335 345 354 358 366 369 370 371 381 382 390 403 404 414 419 420 433 438 445 448 452 459 467 467 470 474 474 474 485 488 490 492 492 492 497 498 501 502 511 512 513 518 519 523 526 531 537 537 547 556 559 560 565 570 575 576 576 577 584 601 612 613 614 620 627 634 645 646 661 667 678 678 680 683 686 690 705 706 713 714 716 716 720 732 740 740 744 746 746 748 755 763 765 767 770 771 775 775 779 779 790 799 807 808 814 824 825 834 834 842 846 848 850 851 876 876 878 879 880 882 888 894 895 897 901 907 930 935 943 946 951 955 966 972 976 979 990 992 997 1004 1017 1020 1023 1024 1025 1028 1044 1050 1066 1072 1073 1073 1075 1081 1088 1091 1094 1096 1103 1103 1105 1106 1111 1120 1133 1137 1142 1144 1154 1154 1158 1190 1193 1195 1198 1200 1202 1207 1238 1241 1246 1252 1256 1258 1261 1261 1263 1263 1264 1264 1269 1270 1283 1299 1303 1304 1320 1331 1339 1342 1343 1347 1350 1355 1356 1358 1369 1371 1374 1374 1379 1380 1384 1390 1393 1397 1401 1403 1412 1413 1414 1425 1432 1441 1446 1454 1462 1464 1465 1466 1476 1483 1484 1507 1508 1519 1543 1544 1547 1559 1560 1563 1569 1570 1582 1583 1588 1588 1593 1601 1602 1604 1614 1618 1619 1628 1629 1630 1630 1637 1639 1641 1647 1650 1658 1664 1665 1667 1671 1677 1678 1680 1684 1684 1691 1692 1705 1710 1719 1742 1744 1744 1752 1759 1762 1768 1769 1773 1775 1782 1785 1788 1793 1793 1799 1800 1832 1834 1835 1837 1848 1850 1854 1854 1857 1862 1863 1873 1880 1881 1883 1887 1896 1896 1898 1899 1900 1901 1902 1906 1906 1907 1909 1913 1915 1923 1935 1938 1940 1943 1945 1956 1963 1968 1974 1975 1986 1987 1996 1999 2001 2007 2022 2024 2027 2036 2050 2053 2073 2074 2079 2082 2082 2087 2092 2110 2113 2131 2132 2139 2160 2162 2167 2172 2174 2181 2182 2185 2190 2191 2193 2199 2201 2203 2204 2210 2214 2215 2222 2222 2232 2233 2237 2238 2241 2242 2243 2261 2263 2263 2273 2280 2289 2307 2307 2311 2316 2317 2319 2321 2322 2324 2327 2336 2338 2343 2348 2354 2360 2365 2380 2386 2396 2400 2403 2404 2404 2409 2419 2422 2428 2429 2432 2439 2444 2458 2461 2465 2465 2471 2473 2479 2479 2482 2482 2486 2495 2498 2503 2521 2525 2529 2531 2539 2545 2548 2557 2557 2562 2570 2575 2581 2589 2589 2592 2606 2610 2631 2635 2640 2642 2643 2646 2652 2656 2663 2667 2668 2673 2675 2681 2685 2690 2692 2696 2696 2700 2701 2703 2708 2722 2722 2734 2736 2737 2742 2743 2752 2763 2766 2774 2788 2794 2795 2796 2797 2803 2813 2833 2836 2839 2847 2849 2851 2858 2863 2864 2865 2873 2874 2903 2903 2912 2915 2917 2921 2923 2931 2938 2943 2949 2949 2958 2969 2975 2975 2978 2979 2979 2981 2985 3003 3004 3010 3010 3011 3012 3012 3013 3015 3016 3024 3031 3040 3040 3041 3042 3047 3048 3056 3061 3063 3065 3066 3070 3082 3084 3086 3093 3093 3094 3095 3101 3120 3121 3134 3139 3142 3146 3151 3156 3165 3166 3171 3181 3185 3185 3198 3207 3214 3214 3215 3215 3215 3216 3217 3220 3222 3231 3231 3252 3253 3267 3284 3297 3298 3298 3303 3311 3313 3319 3326 3327 3328 3329 3329 3333 3336 3337 3343 3343 3357 3359 3362 3369 3376 3380 3382 3394 3407 3410 3415 3422 3429 3433 3436 3439 3443 3445 3446 3468 3479 3480 3481 3492 3495 3509 3514 3516 3519 3520 3525 3528 3529 3536 3538 3538 3543 3549 3550 3551 3559 3599 3608 3612 3612 3617 3618 3623 3628 3631 3631 3635 3643 3649 3649 3651 3665 3671 3673 3675 3676 3681 3681 3685 3686 3692 3698 3701 3709 3711 3713 3716 3722 3726 3733 3734 3751 3754 3761 3772 3772 3778 3787 3796 3799 3812 3816 3818 3834 3834 3837 3838 3853 3858 3864 3866 3869 3877 3883 3886 3887 3893 3894 3899 3900 3908 3913 3916 3921 3921 3922 3922 3923 3924 3927 3928 3936 3939 3945 3947 3956 3956 3957 3962 3962 3967 3968 3973 3983 3989 3995 3996 4002 4004 4033 4038 4043 4050 4061 4063 4064 4064 4065 4067 4068 4074 4077 4080 4083 4084 4087 4102 4106 4109 4124 4124 4126 4136 4136 4137 4152 4154 4158 4162 4174 4178 4182 4185 4195 4197 4200 4201 4205 4208 4211 4212 4224 4224 4227 4230 4234 4237 4240 4245 4247 4251 4271 4302 4303 4309 4316 4337 4337 4341 4349 4352 4374 4385 4396 4398 4398 4401 4415 4416 4416 4423 4424 4429 4432 4433 4436 4437 4456 4458 4459 4459 4462 4462 4462 4465 4466 4467 4474 4477 4484 4485 4488 4489 4511 4523 4524 4527 4529 4531 4555 4556 4556 4561 4561 4564 4584 4593 4609 4615 4615 4618 4619 4627 4630 4632 4637 4646 4652 4657 4676 4687 4688 4691 4696 4700 4707 4709 4709 4721 4724 4724 4725 4733 4734 4744 4746 4747 4759 4779 4784 4793 4801 4805 4806 4814 4814 4825 4830 4831 4865 4877 4890 4892 4905 4908 4911 4926 4926 4927 4935 4939 4948 4952 4952 4956 4971 4972 4980 4983 4983 4986 4989 1000
798 1000
105 1000
692 1000
109 1000
304 1000
916 1000
101 1000
589 1000
15 1000
385 1000
496 1000
40 1000
175 1000
968 1000
155 1000
743 1000
155 1000
623 1000
30 1000
525 1000
342 1000
650 1000
578 1000
479 1000
169 1000
349 1000
160 1000
507 1000
469 1000
249 1000
44 1000
596 1000
778 1000
449 1000
800 1000
799 1000
548 1000
938 1000
580 1000
665 1000
374 1000
226 1000
999 1000
427 1000
844 1000
701 1000
658 1000
394 1000
906 1000
187 1000
953 1000
717 1000
227 1000
764 1000
52 1000
113 1000
3 1000
324 1000
345 1000
116 1000
27 1000
441 1000
126 1000
256 1000
452 1000
848 1000
229 1000
149 1000
257 1000
664 1000
897 1000
312 1000
116 1000
192 1000
966 1000
368 1000
786 1000
619 1000
438 1000
519 1000
220 1000
858 1000
59 1000
5 1000
856 1000
213 1000
975 1000
128 1000
371 1000
331 1000
545 1000
625 1000
736 1000
980 1000
562 1000
612 1000
477 1000
532 1000
313 1000
88 1000
727 1000
426 1000
514 1000
440 1000
377 1000
392 1000
195 1000
831 1000
899 1000
217 1000
393 1000
377 1000
78 1000
985 1000
12 1000
247 1000
663 1000
238 1000
47 1000
891 1000
298 1000
613 1000
816 1000
290 1000
712 1000
702 1000
247 1000
679 1000
647 1000
733 1000
684 1000
672 1000
110 1000
755 1000
542 1000
498 1000
18 1000
793 1000
74 1000
321 1000
349 1000
690 1000
997 1000
289 1000
78 1000
674 1000
675 1000
806 1000
934 1000
473 1000
844 1000
531 1000
225 1000
172 1000
636 1000
514 1000
802 1000
744 1000
706 1000
619 1000
247 1000
36 1000
935 1000
935 1000
825 1000
74 1000
159 1000
786 1000
493 1000
127 1000
2 1000
599 1000
911 1000
850 1000
561 1000
740 1000
832 1000
793 1000
195 1000
988 1000
853 1000
655 1000
980 1000
863 1000
148 1000
797 1000
757 1000
204 1000
428 1000
62 1000
769 1000
351 1000
269 1000
126 1000
893 1000
320 1000
390 1000
292 1000
785 1000
816 1000
862 1000
10 1000
271 1000
36 1000
413 1000
730 1000
885 1000
248 1000
351 1000
817 1000
630 1000
863 1000
94 1000
777 1000
858 1000
45 1000
973 1000
744 1000
41 1000
88 1000
69 1000
986 1000
576 1000
108 1000
278 1000
932 1000
47 1000
472 1000
477 1000
32 1000
50 1000
735 1000
915 1000
164 1000
17 1000
862 1000
530 1000
806 1000
249 1000
794 1000
257 1000
569 1000
902 1000
647 1000
859 1000
500 1000
467 1000
598 1000
820 1000
936 1000
439 1000
304 1000
272 1000
150 1000
471 1000
465 1000
752 1000
139 1000
190 1000
368 1000
787 1000
860 1000
695 1000
500 1000
387 1000
7 1000
154 1000
643 1000
768 1000
40 1000
391 1000
411 1000
461 1000
44 1000
519 1000
466 1000
899 1000
978 1000
98 1000
831 1000
905 1000
442 1000
345 1000
670 1000
254 1000
429 1000
459 1000
325 1000
145 1000
820 1000
838 1000
101 1000
271 1000
841 1000
775 1000
26 1000
676 1000
557 1000
852 1000
957 1000
927 1000
716 1000
612 1000
361 1000
940 1000
267 1000
363 1000
245 1000
229 1000
58 1000
745 1000
54 1000
551 1000
629 1000
242 1000
951 1000
580 1000
388 1000
636 1000
703 1000
959 1000
217 1000
288 1000
828 1000
348 1000
861 1000
57 1000
601 1000
821 1000
935 1000
756 1000
802 1000
263 1000
16 1000
59 1000
314 1000
967 1000
548 1000
977 1000
830 1000
93 1000
789 1000
669 1000
891 1000
807 1000
393 1000
898 1000
770 1000
635 1000
23 1000
745 1000
326 1000
139 1000
597 1000
513 1000
729 1000
756 1000
750 1000
459 1000
65 1000
995 1000
875 1000
489 1000
978 1000
346 1000
751 1000
792 1000
935 1000
772 1000
539 1000
65 1000
379 1000
304 1000
230 1000
261 1000
289 1000
341 1000
869 1000
168 1000
717 1000
307 1000
321 1000
624 1000
82 1000
523 1000
275 1000
800 1000
840 1000
438 1000
920 1000
991 1000
619 1000
694 1000
226 1000
501 1000
238 1000
568 1000
35 1000
720 1000
651 1000
668 1000
181 1000
848 1000
599 1000
647 1000
710 1000
23 1000
185 1000
246 1000
179 1000
765 1000
153 1000
377 1000
895 1000
661 1000
872 1000
160 1000
810 1000
524 1000
541 1000
340 1000
145 1000
723 1000
178 1000
73 1000
458 1000
501 1000
943 1000
113 1000
670 1000
697 1000
284 1000
564 1000
872 1000
523 1000
680 1000
933 1000
504 1000
439 1000
118 1000
360 1000
351 1000
512 1000
841 1000
697 1000
511 1000
896 1000
564 1000
116 1000
729 1000
900 1000
894 1000
147 1000
490 1000
759 1000
578 1000
151 1000
712 1000
829 1000
564 1000
284 1000
272 1000
437 1000
855 1000
977 1000
74 1000
570 1000
883 1000
446 1000
948 1000
331 1000
703 1000
708 1000
887 1000
121 1000
389 1000
637 1000
138 1000
221 1000
13 1000
302 1000
298 1000
395 1000
276 1000
407 1000
127 1000
268 1000
810 1000
361 1000
471 1000
561 1000
840 1000
78 1000
933 1000
167 1000
975 1000
267 1000
23 1000
886 1000
11 1000
852 1000
361 1000
431 1000
665 1000
782 1000
949 1000
193 1000
514 1000
872 1000
139 1000
171 1000
243 1000
301 1000
104 1000
12 1000
934 1000
429 1000
469 1000
743 1000
424 1000
350 1000
40 1000
35 1000
685 1000
153 1000
286 1000
175 1000
976 1000
144 1000
173 1000
588 1000
901 1000
902 1000
300 1000
740 1000
382 1000
236 1000
177 1000
193 1000
88 1000
338 1000
151 1000
708 1000
545 1000
623 1000
938 1000
345 1000
122 1000
403 1000
259 1000
901 1000
505 1000
288 1000
188 1000
798 1000
813 1000
374 1000
929 1000
760 1000
537 1000
191 1000
23 1000
584 1000
310 1000
709 1000
662 1000
189 1000
50 1000
466 1000
858 1000
109 1000
835 1000
621 1000
218 1000
509 1000
465 1000
651 1000
34 1000
679 1000
932 1000
179 1000
552 1000
18 1000
130 1000
376 1000
828 1000
223 1000
173 1000
417 1000
64 1000
455 1000
173 1000
254 1000
765 1000
849 1000
751 1000
784 1000
873 1000
572 1000
386 1000
630 1000
371 1000
412 1000
847 1000
591 1000
679 1000
815 1000
889 1000
685 1000
563 1000
210 1000
727 1000
677 1000
812 1000
223 1000
651 1000
436 1000
326 1000
314 1000
645 1000
160 1000
578 1000
258 1000
333 1000
402 1000
489 1000
969 1000
142 1000
717 1000
406 1000
339 1000
65 1000
886 1000
117 1000
434 1000
958 1000
311 1000
919 1000
761 1000
209 1000
926 1000
844 1000
716 1000
769 1000
953 1000
252 1000
316 1000
669 1000
561 1000
452 1000
458 1000
204 1000
648 1000
522 1000
98 1000
681 1000
880 1000
987 1000
367 1000
664 1000
957 1000
911 1000
50 1000
704 1000
858 1000
215 1000
497 1000
520 1000
301 1000
137 1000
144 1000
301 1000
53 1000
771 1000
271 1000
89 1000
913 1000
637 1000
545 1000
91 1000
71 1000
488 1000
518 1000
581 1000
353 1000
32 1000
594 1000
105 1000
288 1000
181 1000
746 1000
941 1000
620 1000
135 1000
380 1000
310 1000
537 1000
137 1000
370 1000
269 1000
51 1000
502 1000
44 1000
685 1000
687 1000
131 1000
113 1000
925 1000
586 1000
370 1000
977 1000
299 1000
354 1000
833 1000
393 1000
584 1000
376 1000
894 1000
330 1000
369 1000
631 1000
155 1000
796 1000
82 1000
98 1000
84 1000
685 1000
545 1000
779 1000
678 1000
131 1000
491 1000
189 1000
27 1000
104 1000
232 1000
839 1000
496 1000
383 1000
202 1000
650 1000
557 1000
653 1000
811 1000
136 1000
530 1000
19 1000
872 1000
34 1000
514 1000
522 1000
855 1000
22 1000
635 1000
705 1000
575 1000
532 1000
552 1000
684 1000
513 1000
487 1000
875 1000
716 1000
984 1000
543 1000
269 1000
775 1000
302 1000
771 1000
8 1000
262 1000
346 1000
625 1000
652 1000
425 1000
233 1000
422 1000
292 1000
588 1000
534 1000
736 1000
257 1000
291 1000
232 1000
655 1000
107 1000
351 1000
773 1000
603 1000
800 1000
731 1000
705 1000
178 1000
380 1000
149 1000
967 1000
97 1000
208 1000
466 1000
1000 1000
398 1000
783 1000
743 1000
409 1000
280 1000
235 1000
789 1000
717 1000
622 1000
904 1000
330 1000
606 1000
97 1000
349 1000
311 1000
362 1000
644 1000
501 1000
645 1000
724 1000
99 1000
681 1000
638 1000
117 1000
205 1000
425 1000
605 1000
323 1000
757 1000
209 1000
947 1000
219 1000
364 1000
802 1000
18 1000
267 1000
423 1000
117 1000
147 1000
679 1000
998 1000
60 1000
752 1000
387 1000
871 1000
221 1000
124 1000
669 1000
856 1000
198 1000
702 1000
923 1000
459 1000
664 1000
430 1000
317 1000
775 1000
876 1000
975 1000
115 1000
627 1000
148 1000
596 1000
832 1000
840 1000
242 1000
972 1000
707 1000
296 1000
223 1000
93 1000
688 1000
751 1000
747 1000
557 1000
776 1000
210 1000
773 1000
452 1000
654 1000
944 1000
793 1000
126 1000
839 1000
689 1000
804 1000
607 1000
465 1000
3 1000
460 1000
236 1000
652 1000
33 1000
227 1000
327 1000
131 1000
562 1000
460 1000
716 1000
346 1000
215 1000
365 1000
336 1000
122 1000
900 1000
650 1000
998 1000
987 1000
265 1000
179 1000
295 1000
837 1000
245 1000
485 1000
219 1000
956 1000
74 1000
319 1000
154 1000
152 1000
184 1000
354 1000
368 1000
529 1000
122 1000
553 1000
365 1000
554 1000
271 1000
272 1000
32 1000
508 1000
513 1000
211 1000
528 1000
493 1000
771 1000
803 1000
647 1000
936 1000
547 1000
535 1000
518 1000
92 1000
350 1000
115 1000
809 1000
116 1000
521 1000
33 1000
697 1000
661 1000
103 1000
832 1000
138 1000
466 1000
851 1000
985 1000
455 1000
355 1000
726 1000
428 1000
747 1000
719 1000
757 1000
317 1000
856 1000
94 1000
933 1000
614 1000
265 1000
195 1000
512 1000
848 1000
686 1000
258 1000
318 1000
882 1000
507 1000
753 1000
17 1000
248 1000
431 1000
279 1000
354 1000
115 1000
29 1000
427 1000
612 1000
904 1000
750 1000
359 1000
539 1000
493 1000
950 1000
877 1000
852 1000
910 1000
200 1000
716 1000
