100
-95 -83 -76 -76 -55 -55 -55 -55 -55 -55 -55 -55 -55 -48 -47 -40 -39 -15 -15 -15 -11 1 1 1 1 3 4 5 5 7 9 9 11 13 15 15 16 16 17 21 25 26 28 29 31 33 36 36 36 38 40 41 42 47 48 52 55 55 55 56 57 59 59 59 59 61 67 69 69 69 73 73 75 79 80 81 81 81 81 81 81 81 81 81 81 81 81 83 85 86 86 86 86 86 86 89 91 93 94 100 100
24 63
10 27
53 64
66 70
16 87
36 75
22 79
31 94
32 96
69 90
72 96
11 66
1 54
19 35
6 98
74 76
20 36
24 47
74 96
58 59
6 13
10 72
10 51
11 84
26 67
15 32
4 16
35 36
53 88
75 85
10 97
14 18
6 87
1 57
64 99
3 5
8 51
81 87
2 42
21 44
14 83
24 62
8 56
4 68
35 60
49 74
16 29
2 96
31 82
12 18
13 90
8 93
11 70
30 62
60 88
67 72
23 88
24 94
23 89
5 26
9 17
5 65
76 98
45 53
76 100
13 14
64 78
24 88
46 48
72 72
22 76
49 64
87 93
29 71
19 94
6 52
9 78
6 6
11 68
52 94
72 93
77 81
74 78
30 75
35 70
10 18
59 62
69 78
74 94
39 41
83 83
5 84
4 69
35 87
4 70
26 63
89 93
59 81
6 7
75 97
