570 649
307 353
33 523
476 105
527 186
459 387
57 463
525 187
175 370
266 244
206 242
445 469
178 85
317 279
87 288
284 55
404 521
97 78
407 504
162 54
203 278
216 207
415 293
3 536
324 441
394 466
524 349
52 160
554 398
321 405
366 133
561 517
89 97
64 362
375 345
570 50
116 4
122 345
53 543
204 416
332 14
567 110
159 463
127 60
195 178
339 422
468 90
40 303
146 96
408 93
190 146
217 558
105 163
284 24
533 3
301 319
308 64
432 111
307 187
15 67
294 516
240 75
60 95
483 222
401 366
203 204
237 489
462 60
138 410
365 337
326 383
368 514
118 74
157 86
81 144
257 289
190 344
301 392
559 177
462 239
507 215
116 94
457 180
479 221
320 311
470 294
41 194
353 133
405 553
414 354
207 306
271 10
507 396
217 492
559 516
524 309
104 258
208 97
283 14
239 556
420 423
152 518
319 53
484 463
116 138
28 431
29 96
315 554
313 514
215 116
473 268
87 107
61 213
332 139
287 512
265 298
481 211
322 24
198 499
272 399
55 54
23 239
392 91
115 325
23 416
453 82
161 90
368 96
50 381
137 56
362 24
78 312
119 270
434 158
414 109
139 541
149 55
444 366
385 500
17 555
179 38
467 39
188 47
245 25
478 364
174 180
331 560
493 453
26 306
198 276
70 297
358 264
276 501
273 61
534 104
147 437
287 473
505 507
435 168
360 367
194 461
308 306
165 549
377 77
61 501
430 130
521 40
418 523
305 60
454 388
335 61
336 334
487 495
525 195
94 209
495 273
119 140
438 518
406 119
100 220
124 238
227 20
112 194
280 467
354 330
5 235
320 21
437 142
252 208
114 421
302 439
281 99
154 436
505 368
238 244
125 491
136 524
107 479
27 65
392 288
81 96
471 40
231 202
165 369
288 42
502 48
195 400
359 422
286 562
425 180
151 431
252 307
193 331
524 553
398 524
368 264
495 229
291 421
129 403
81 48
181 250
534 273
278 272
272 46
204 469
380 299
449 36
486 272
511 218
86 292
497 150
359 315
544 453
243 465
10 570
401 455
17 428
178 359
511 513
328 196
130 418
325 432
407 430
51 135
489 180
30 177
10 417
337 172
242 20
461 98
474 253
551 373
281 217
454 189
483 341
468 247
190 240
406 293
290 309
300 158
193 12
193 70
66 469
528 448
80 310
151 350
389 50
401 423
360 161
417 43
400 239
326 302
46 225
529 435
395 181
529 358
101 550
41 432
310 467
569 453
533 521
289 500
279 163
146 203
485 18
448 137
271 302
112 434
444 420
40 79
108 204
493 151
133 282
188 334
446 444
64 280
163 335
465 290
461 343
152 132
453 171
153 301
306 309
114 182
235 273
221 176
464 179
164 343
371 67
364 338
487 398
57 31
540 12
498 188
403 111
193 129
298 66
264 276
147 144
412 245
518 527
243 73
55 437
430 453
64 115
552 268
294 479
331 2
448 499
144 8
481 569
406 62
291 501
425 467
181 215
394 317
226 88
151 18
384 342
425 237
111 316
107 258
494 333
224 242
541 251
201 511
367 22
210 226
338 513
558 454
325 563
368 262
493 268
258 87
398 503
2 48
158 197
202 538
274 478
378 287
380 310
133 29
553 26
313 106
416 177
306 412
246 431
251 317
434 444
400 442
84 97
97 180
217 8
23 30
201 9
5 489
194 368
432 350
525 404
95 555
545 496
327 393
246 243
157 371
400 218
292 284
283 180
512 286
365 296
229 48
328 73
415 273
457 471
86 419
414 378
126 124
161 281
111 323
410 160
492 137
464 118
491 211
539 178
94 123
213 183
189 493
269 304
49 470
148 538
112 123
429 393
566 450
527 454
404 457
260 457
249 191
506 88
544 191
332 379
542 156
104 290
232 162
134 142
130 393
316 157
271 100
322 195
139 217
210 105
141 106
222 545
431 177
65 392
254 403
310 189
123 505
178 536
2 467
37 457
311 530
275 32
394 286
75 30
281 143
200 441
561 257
134 550
172 247
297 66
44 1
101 461
274 566
104 200
121 398
464 516
120 501
537 4
216 82
538 91
433 341
19 545
384 471
29 63
562 324
105 97
428 561
314 415
421 436
508 330
37 563
416 527
485 539
248 280
155 528
303 246
429 144
106 425
243 346
480 542
158 443
40 112
335 554
396 560
205 550
144 398
132 439
346 55
545 415
432 185
412 291
318 182
560 157
17 368
244 285
482 204
517 440
411 383
52 528
453 373
563 89
398 496
388 86
382 490
294 145
166 316
233 403
163 180
392 33
342 459
188 92
306 33
570 270
222 432
216 355
106 168
307 139
568 245
461 322
109 450
435 239
343 142
475 79
175 299
180 400
22 419
55 405
226 328
145 242
47 551
123 511
411 545
115 243
373 63
159 20
247 314
406 540
247 11
126 106
276 462
132 310
173 74
220 355
144 350
345 66
117 299
421 121
31 460
556 54
205 146
38 246
115 5
220 60
185 167
353 287
221 9
271 352
233 350
17 565
22 351
214 471
70 324
111 524
228 188
304 73
38 516
13 16
532 474
217 305
356 369
108 484
517 495
126 172
178 20
438 117
229 153
135 502
145 400
127 462
287 147
282 83
49 123
265 269
153 216
570 509
48 222
441 429
385 332
388 359
191 74
257 486
100 239
460 432
301 255
555 251
358 531
227 473
563 240
138 432
460 7
118 266
431 383
15 429
44 182
141 564
553 66
553 270
316 341
228 136
277 347
174 510
283 552
127 143
217 45
75 55
249 570
429 213
280 515
376 407
100 360
254 24
299 134
76 564
119 431
490 507
99 384
82 17
178 5
365 491
516 110
373 153
261 237
395 448
74 176
206 510
443 341
570 91
410 198
539 172
103 352
17 145
36 114
348 560
2 428
125 223
85 260
271 435
541 387
520 429
565 217
165 557
