100 100
123400626 393849171 7858938 278677463 137265334 191804365 153687653 183821423 207333649 124446262 8437940 589423355 71497171 24688168 461459062 248840724 29626033 55687861 178421343 6339140 319960511 670163988 529836222 417845620 179600016 46110019 295589809 529874965 7519822 679279527 103502507 400788515 715609904 89719926 83135313 869185686 11435162 805084739 54481691 654732303 446536023 192998280 89109300 37316104 667116902 719324003 161831712 475002312 794035963 255606533 83318093 142431061 493267308 32965265 299344614 51561933 69045531 21161505 212100497 225202317 42645705 392472619 263628244 185297033 209603444 142433169 51895841 295771362 99388407 578899418 718754931 519939213 924010406 482475188 82723162 241177624 83214515 58203557 365500155 84433654 233778591 199293729 76585878 83003253 217172063 18034038 562481713 215127720 575375008 822785186 436882958 32150175 38313875 34979772 161478719 252075034 232756201 56450179 834008312 652436329 
1 36 54 502019817
1 39 63 16445096
2 40 47
1 77 96 582657539
2 34 83
1 50 93 195515236
2 38 39
1 1 80 92634831
2 48 71
2 3 90
2 9 68
1 56 69 14449828
1 45 61 240283395
2 37 65
1 25 92 22688497
2 14 47
2 20 36
1 12 40 538820460
1 41 98 224580939
1 24 29 396945192
2 31 55
1 48 69 110852477
2 51 81
1 64 100 330429755
2 20 70
2 40 84
1 43 73 295598120
2 2 55
2 67 91
1 11 100 53439271
2 23 73
1 10 85 863001907
1 83 83 45633108
2 18 84
1 8 26 840246861
1 51 99 5285192
2 62 78
1 32 91 400689977
2 36 90
1 1 99 97645408
2 43 65
1 63 94 44385393
1 66 86 507988606
1 27 63 818375320
2 9 58
1 23 58 94237618
2 24 43
2 32 92
1 15 17 135956313
1 76 89 577074436
2 20 80
1 59 62 96342294
2 1 82
2 4 63
2 8 81
2 4 85
1 48 75 107603458
2 24 85
1 73 78 283877942
2 3 69
1 33 42 243029518
1 63 77 18568888
2 51 55
2 9 23
2 18 82
2 7 38
2 55 70
2 5 76
1 35 98 10084679
1 5 90 639416483
1 1 91 320278384
2 3 42
2 40 97
2 57 97
2 20 71
2 75 99
2 11 88
2 36 38
2 19 47
2 13 59
1 42 60 103336180
2 8 40
1 34 49 85304452
1 65 84 133700040
1 2 71 16324258
1 70 100 53287846
2 32 61
1 49 68 138797067
2 3 31
1 27 74 146037312
1 22 66 18765017
1 36 50 64807044
2 5 65
1 52 82 397149936
1 46 66 131753337
2 12 76
2 35 47
2 60 69
1 1 67 466173694
1 73 84 725468133
