103
1 1238
2 7006
3 7727
4 8345
3 8757
5 6903
7 5358
2 3195
2 5049
7 3710
2 1341
3 620
9 1547
12 1547
7 2680
6 929
6 2268
16 1341
1 10096
1 1238
16 9581
16 7006
23 2268
11 3813
13 105
8 2
1 5667
24 10096
8 5255
16 10096
11 6800
17 3813
15 929
34 2
35 9478
33 8654
20 1341
14 3401
28 208
8 7830
28 4122
9 7109
28 7521
32 3916
1 4946
43 6697
22 8345
35 5770
35 8448
45 7418
32 9375
47 5358
21 2577
24 1032
33 3195
42 3813
3 9787
3 4225
15 6903
58 6903
44 1650
35 6594
28 1135
38 9993
25 2783
52 4843
15 7830
7 8860
15 929
45 2680
49 826
40 7830
41 8757
6 4843
52 7521
2 6285
13 4740
33 2989
29 10096
1 3195
17 3813
5 1753
21 4740
37 4740
26 6697
45 4431
6 4637
50 4431
23 929
56 8139
25 8654
41 4431
27 8551
36 10199
8 4225
61 9993
81 2474
35 2062
28 8242
6 6388
83 4122
57 6388
