100 50
29 23 32 39 26 4 43 16 35 34 37 17 30 2 9 44 45 50 12 25 36 46 7 24 15 41 22 47 1 28 
2 7 46 
26 5 40 9 14 3 34 50 38 29 13 32 48 12 41 10 47 28 36 37 42 33 6 2 49 17 4 
35 29 36 38 48 35 17 31 49 39 2 20 19 9 21 37 42 25 44 41 15 13 6 10 50 24 40 32 30 26 4 33 22 45 47 5 
45 46 5 14 13 39 36 25 33 42 1 22 43 2 21 48 27 50 7 3 37 12 8 45 11 47 16 49 31 4 44 41 38 30 19 26 28 34 10 6 9 40 23 15 35 24 
12 34 33 35 38 22 5 31 17 37 2 44 42 
26 3 28 7 37 12 21 31 44 46 13 48 45 4 43 42 40 38 49 15 39 6 17 34 10 11 19 
30 32 19 39 36 2 46 11 15 30 44 26 31 29 40 47 3 38 14 22 7 49 43 35 16 41 33 25 28 23 4 
50 23 16 43 6 18 40 30 11 39 41 46 42 27 48 12 21 19 44 26 22 49 24 47 38 29 33 45 28 15 1 36 35 13 10 37 50 4 2 3 31 14 8 25 20 17 34 32 7 5 9 
25 49 39 36 32 16 25 43 13 31 8 4 28 47 41 37 6 20 26 30 12 21 23 33 3 24 
43 17 27 34 2 46 36 25 48 16 6 35 12 4 1 20 28 37 3 24 22 15 32 50 29 43 39 23 8 21 26 41 31 49 42 5 18 19 7 14 13 47 44 45 
25 21 7 4 35 36 44 3 5 48 34 18 6 31 37 8 50 13 19 41 43 24 2 39 26 22 
16 29 45 25 18 48 11 22 26 12 16 27 7 43 19 2 34 
23 1 7 10 19 29 4 9 23 2 43 37 44 34 40 49 27 25 6 50 21 48 11 32 
36 41 16 14 20 22 32 11 49 27 10 31 47 37 1 50 19 34 44 18 48 29 9 39 4 28 21 36 43 5 26 24 25 46 12 30 42 
47 13 50 9 44 46 35 30 45 23 37 31 1 28 42 17 26 41 32 25 6 40 16 49 14 29 36 43 21 47 39 10 18 8 48 11 15 33 24 20 4 12 19 22 38 2 5 27 
19 20 6 30 15 34 36 29 17 18 22 12 14 9 5 25 16 38 11 43 
37 9 7 29 18 43 14 33 8 41 11 20 19 50 31 38 49 4 17 15 16 36 44 45 12 47 13 25 24 34 22 48 39 28 32 6 40 37 
19 50 25 17 12 19 5 27 9 31 6 23 48 24 1 29 37 44 34 18 
7 15 8 27 28 41 10 21 
46 23 31 9 4 47 8 38 25 32 33 46 20 34 39 24 17 37 29 28 44 21 43 6 36 11 50 27 12 41 26 35 2 18 22 49 1 10 40 19 7 45 14 5 13 3 16 
38 3 8 23 11 2 19 43 21 31 15 38 35 40 9 16 46 45 18 41 37 36 12 4 33 48 32 5 50 7 49 44 6 24 28 25 29 26 1 
47 43 16 34 15 21 18 19 3 27 17 6 14 5 37 12 35 1 8 47 32 38 10 48 26 22 50 36 33 4 39 13 20 44 28 2 46 40 9 23 11 49 7 42 24 29 41 30 
8 39 40 21 33 30 47 5 28 
12 13 43 50 32 27 11 17 9 49 46 22 24 
27 41 18 28 37 12 7 9 29 15 25 30 8 5 44 26 32 1 38 23 22 2 48 31 50 46 40 11 
11 28 19 7 31 10 11 18 25 13 3 37 
25 10 30 45 31 21 11 23 46 27 34 16 36 48 33 17 38 32 13 6 7 18 2 40 28 49 
43 31 20 5 12 19 36 11 46 45 47 14 27 48 16 17 15 3 6 40 21 41 28 32 43 23 10 50 13 34 26 29 38 39 25 22 2 42 1 4 24 35 7 33 
44 25 31 27 40 10 11 38 39 48 37 9 4 8 14 45 35 13 29 7 47 36 15 23 3 46 19 26 41 16 50 18 30 42 24 49 44 2 34 17 43 33 1 20 12 
8 50 14 31 41 3 11 42 26 
30 5 6 8 44 42 47 23 25 50 20 13 36 19 1 18 2 22 48 32 41 10 21 33 14 17 24 16 4 27 15 
30 2 10 32 40 34 9 30 29 19 46 12 39 6 42 36 38 45 23 48 20 11 21 33 43 28 7 24 22 31 47 
6 42 8 2 16 50 38 
18 29 19 8 31 36 43 16 49 14 5 30 40 44 42 35 4 17 20 
45 6 32 36 13 16 30 24 20 15 9 34 3 17 1 28 4 18 35 29 41 43 44 11 38 21 33 10 40 23 5 8 49 19 2 50 14 31 48 47 22 42 26 27 39 45 
33 24 23 39 8 28 34 18 29 46 9 31 33 7 27 32 22 44 19 21 36 14 15 20 40 1 35 37 17 3 50 6 10 2 
44 34 33 8 7 28 11 31 39 6 36 9 49 23 32 14 30 46 22 18 48 20 17 13 1 26 38 2 19 3 27 43 40 37 42 4 35 29 44 16 24 47 5 50 41 
45 31 37 9 24 28 27 41 18 15 43 34 21 36 22 11 32 7 45 42 29 30 33 20 49 23 19 50 10 16 1 14 4 39 17 6 25 38 5 35 12 40 13 26 44 2 
12 46 1 29 20 48 16 27 7 37 35 32 36 
29 27 21 7 22 34 35 50 3 40 39 19 46 18 33 44 17 9 45 29 23 28 32 43 25 47 38 20 4 49 
36 6 1 22 3 10 20 11 35 46 48 44 15 43 39 30 14 16 17 19 29 38 25 2 36 42 45 28 4 47 27 33 21 40 26 34 8 
42 5 32 22 27 42 1 26 25 21 3 9 7 49 2 19 17 40 45 33 41 39 20 28 37 14 8 48 36 16 43 29 50 23 13 46 10 15 12 18 30 31 11 
49 33 31 16 12 29 50 27 32 18 28 9 46 35 42 23 25 5 39 11 47 41 10 3 19 34 26 13 22 24 37 7 44 14 40 21 30 6 17 15 45 20 1 4 48 36 38 8 2 43 
20 46 43 20 49 36 34 16 13 8 21 42 15 41 1 11 40 18 14 31 30 
2 4 10 
48 35 50 43 4 36 9 29 39 11 23 14 10 31 27 49 15 21 41 34 24 32 3 12 16 48 5 6 33 8 2 44 37 19 22 13 47 46 20 17 26 1 18 28 45 30 7 42 38 
7 2 7 44 13 6 32 5 
48 6 27 46 14 41 47 3 10 50 44 31 37 29 26 22 45 28 16 11 20 40 17 2 32 43 4 34 38 5 39 23 49 35 48 19 12 33 18 25 24 21 7 42 8 1 9 15 36 
14 39 48 25 31 10 28 8 42 29 37 3 1 41 4 
43 35 48 33 45 12 39 47 30 14 1 18 23 9 50 38 28 31 19 3 49 4 24 36 42 21 46 44 37 13 20 32 8 41 27 5 15 29 25 16 10 26 2 17 
6 46 24 30 8 4 26 
44 48 45 43 33 47 26 44 28 41 46 49 20 3 31 42 7 50 29 27 6 11 4 30 10 2 8 17 13 37 16 9 24 25 14 40 5 22 15 36 32 39 38 18 1 
13 17 33 50 34 28 35 38 16 19 4 12 44 6 
4 9 19 43 46 
41 25 10 22 21 49 26 13 24 23 38 29 41 4 6 2 18 34 46 7 9 15 45 20 32 30 19 5 39 40 33 27 31 42 3 50 11 1 44 12 37 28 
41 29 39 19 1 15 26 41 28 36 37 31 17 4 12 10 5 40 13 46 48 9 24 2 30 6 7 43 3 8 25 16 14 42 27 33 35 47 50 32 22 34 
44 14 7 8 1 18 10 2 26 33 28 42 36 12 48 38 11 13 32 41 20 40 24 5 29 6 3 15 34 22 49 23 9 19 47 46 30 17 16 21 44 35 43 50 4 
9 17 21 26 43 35 16 9 44 24 
1 18 
18 9 30 14 40 7 1 19 12 18 11 4 42 6 8 5 50 43 17 
47 22 19 14 49 45 2 23 46 18 21 34 29 15 28 39 4 38 48 32 8 41 42 6 10 36 20 3 31 11 7 27 44 50 24 30 5 40 12 33 35 1 9 17 25 26 37 16 
9 20 50 9 12 1 13 4 27 45 
7 18 31 16 43 15 14 48 
37 38 45 33 28 47 25 27 9 14 40 24 23 46 16 18 11 2 41 10 39 20 42 21 15 31 35 13 7 43 26 29 12 49 3 6 19 48 
10 4 5 41 2 22 1 20 40 26 27 
44 38 12 18 39 50 45 44 41 17 47 25 8 29 34 20 14 11 26 37 31 5 23 43 33 4 30 35 16 7 22 48 3 19 6 24 13 49 46 27 36 32 9 28 21 
47 26 50 29 14 6 40 13 39 11 5 38 8 9 43 18 42 21 36 41 23 28 25 17 24 4 10 44 27 47 46 19 31 15 7 22 45 33 2 49 35 30 48 32 1 37 34 20 
16 15 9 42 7 28 33 44 21 34 35 46 16 32 47 49 10 
41 8 15 14 29 17 7 44 6 11 50 19 28 1 22 2 3 32 38 39 42 30 12 41 23 9 27 40 47 21 10 34 16 37 5 4 13 46 26 43 48 45 
36 12 11 4 9 5 32 26 21 47 42 39 44 18 10 16 3 2 19 41 22 38 6 14 17 48 37 45 13 8 46 40 35 20 15 43 24 
9 20 24 18 49 17 22 32 12 27 
46 19 48 6 15 1 31 22 24 17 34 25 2 35 36 4 26 32 29 18 16 30 21 23 12 45 20 5 40 50 9 7 46 43 44 47 11 38 33 28 10 42 27 8 37 49 41 
34 22 44 18 2 49 48 9 8 20 16 45 41 33 6 17 47 29 5 13 21 12 34 25 15 27 35 19 3 24 4 11 46 7 39 
46 11 17 24 35 46 32 25 10 42 36 37 22 49 13 12 9 33 21 44 20 28 26 16 27 6 3 40 14 31 18 2 8 45 43 38 29 41 1 30 19 47 48 39 7 23 50 
50 41 26 16 18 19 15 36 39 29 47 38 9 40 44 4 5 13 32 34 37 27 49 7 14 30 33 43 50 20 8 17 10 1 6 48 3 24 42 12 21 31 25 2 35 28 22 46 11 45 23 
14 8 33 11 49 1 10 9 46 29 4 7 17 42 15 
18 33 23 7 21 49 19 32 40 6 25 4 45 36 5 14 43 30 3 
40 30 25 34 38 23 8 33 3 2 21 28 14 39 27 48 29 49 26 1 19 43 7 10 6 18 41 37 32 17 13 16 22 31 40 20 45 24 35 36 4 
11 44 26 8 33 7 22 14 24 29 38 50 
41 19 37 10 28 2 15 31 38 14 44 34 3 35 46 33 36 49 4 17 23 9 25 50 24 26 18 41 21 32 45 27 11 1 6 40 8 16 47 29 20 7 
44 24 45 16 23 10 3 5 21 1 28 36 44 49 48 2 32 11 37 41 47 38 33 43 31 14 4 22 18 13 19 9 26 12 25 42 15 6 34 8 46 27 20 29 39 
45 39 10 44 25 43 18 26 28 20 6 50 45 34 33 38 1 17 21 42 47 4 48 29 46 2 40 27 5 22 32 13 49 11 23 37 7 31 12 9 41 19 24 14 36 16 
22 37 5 47 44 39 38 2 26 36 9 46 49 33 15 20 50 22 40 4 25 7 14 
19 27 6 8 50 14 36 16 10 3 29 19 4 47 26 42 33 28 30 48 
10 40 38 3 30 2 19 1 45 34 23 
16 18 10 29 32 43 2 30 37 38 17 28 9 19 33 1 20 
30 41 17 32 26 23 30 15 45 4 3 33 11 34 36 21 28 20 35 8 46 44 47 49 42 16 29 7 19 48 6 
19 45 25 20 35 21 42 41 7 50 34 36 23 29 32 27 24 16 1 19 
18 37 2 24 35 44 36 20 38 10 27 47 21 5 42 34 15 3 22 
43 6 2 33 27 4 31 13 28 38 34 10 30 17 37 8 20 32 29 43 11 49 21 1 7 26 24 36 14 15 12 9 44 42 41 50 5 22 35 45 23 39 16 25 
46 28 36 33 13 24 17 43 41 4 40 23 49 30 16 2 47 14 26 11 34 5 3 27 9 31 42 25 32 18 1 50 29 20 48 44 22 21 45 8 6 12 7 46 15 38 10 
22 19 21 28 7 39 14 5 25 6 42 27 1 16 4 36 11 41 24 20 33 30 38 
18 23 2 4 21 14 30 32 6 37 17 22 40 5 34 48 45 27 15 
21 40 23 41 34 30 18 4 15 36 8 2 45 42 25 9 13 26 3 50 24 14 
31 32 11 34 8 10 22 9 6 29 39 30 48 35 17 38 4 26 5 19 14 16 25 12 13 41 31 50 27 44 18 15 
29 14 36 38 12 45 17 32 48 3 7 22 23 20 5 47 18 42 19 28 35 4 6 33 13 30 9 39 25 2 
45 6 15 45 13 14 10 17 23 49 7 21 32 44 4 41 37 47 1 8 11 29 42 19 43 33 5 20 9 3 48 28 25 31 18 46 26 39 2 50 38 27 24 16 34 30 
4 25 8 34 28 
46 35 30 14 39 10 34 45 4 25 46 1 41 31 6 11 7 21 3 12 42 38 17 8 29 50 32 48 20 16 23 13 9 24 28 43 2 44 19 36 5 40 15 47 33 49 27 
