100 50
37 48 45 15 44 49 43 28 5 24 42 50 1 36 12 22 6 14 30 3 16 47 21 25 32 37 26 9 27 23 41 18 8 20 17 38 13 40 
48 33 45 19 39 24 1 2 5 6 11 12 15 14 48 26 22 31 27 44 21 18 40 29 34 49 37 35 46 9 20 47 28 23 36 41 4 17 43 38 8 42 25 3 50 32 13 7 16 
27 40 46 42 12 30 16 18 29 27 6 3 22 4 14 48 43 50 34 26 38 24 41 7 36 37 10 33 
23 18 35 21 33 45 30 2 1 40 38 25 9 22 15 19 12 46 28 24 32 39 8 26 
29 29 8 41 28 32 15 14 48 37 26 43 6 12 42 50 36 5 2 16 21 11 25 23 20 47 44 40 18 34 
26 5 24 23 36 25 17 39 16 20 29 34 33 26 19 31 45 18 15 42 14 8 35 50 10 40 13 
28 42 14 10 45 32 20 16 5 48 13 21 11 39 34 7 47 36 37 44 12 3 31 26 30 9 1 4 33 
13 46 1 50 2 22 23 21 3 10 34 25 4 18 
39 8 6 5 19 38 20 18 15 39 41 50 9 27 30 47 36 48 32 49 31 42 29 45 7 2 12 1 33 4 40 35 25 46 17 22 44 21 43 23 
9 20 9 33 37 38 19 42 12 48 
5 41 39 24 13 10 
36 47 39 24 10 12 5 27 40 37 3 1 14 7 42 6 15 29 22 41 32 45 48 13 28 19 30 38 49 20 4 50 34 31 33 35 46 
3 10 2 13 
42 12 20 28 19 46 17 38 11 37 36 26 1 48 43 25 6 35 31 22 49 24 44 50 21 2 10 7 32 40 39 9 45 8 15 4 23 18 14 3 33 16 30 
22 30 50 36 5 46 10 22 1 25 12 26 21 7 35 34 33 23 15 9 32 40 42 
3 42 48 38 
50 21 5 22 41 14 36 3 9 33 2 50 38 28 4 20 47 42 34 19 32 44 26 23 48 11 31 6 1 25 24 35 29 13 8 40 30 17 15 18 16 45 10 43 46 49 12 39 27 7 37 
36 16 24 6 1 14 26 11 48 3 33 42 44 9 38 23 47 45 12 36 18 2 7 27 35 46 22 30 13 5 15 32 17 19 28 39 25 
10 38 12 5 2 42 27 28 41 8 11 
21 48 15 18 46 42 10 32 3 36 17 39 37 6 7 1 38 50 16 26 40 35 
16 49 16 42 30 38 50 6 23 4 47 41 40 9 34 1 14 
19 1 28 24 6 15 18 7 17 3 49 11 14 30 41 5 21 42 45 37 
3 34 31 35 
39 2 41 20 6 46 36 34 50 9 39 48 13 49 27 14 45 22 44 40 5 3 25 18 1 30 15 26 43 21 31 4 32 33 23 10 12 47 35 16 
22 16 36 48 5 42 50 11 47 38 9 1 15 49 34 28 46 18 24 41 17 3 45 
46 31 2 12 30 44 28 22 7 38 17 26 4 29 45 48 11 1 50 43 6 14 34 16 27 47 42 46 5 40 10 49 15 39 25 19 21 20 13 41 35 24 37 33 8 36 9 
44 17 34 4 28 48 30 46 21 11 39 42 41 3 37 35 25 18 20 6 13 12 7 38 26 9 19 16 24 36 8 14 27 29 44 50 45 23 31 1 43 47 22 32 2 
16 39 49 14 20 23 4 5 33 26 30 46 3 11 29 10 18 
14 43 31 49 26 44 1 11 2 5 6 7 19 20 48 
5 11 40 50 4 42 
42 41 37 44 16 30 27 9 6 22 7 20 48 50 36 46 11 23 19 29 13 34 40 17 5 10 12 43 42 38 2 47 25 21 3 18 45 24 15 4 28 39 26 
33 13 34 36 5 9 39 28 27 49 25 38 22 3 19 31 12 2 8 11 1 32 21 4 29 10 40 23 33 42 24 48 37 17 
32 21 17 47 49 50 16 45 10 30 32 26 40 48 37 39 34 11 36 8 6 35 15 4 38 20 9 44 22 33 28 23 43 
8 25 15 14 12 18 32 19 50 
38 12 33 22 10 21 31 40 28 27 2 44 35 3 48 19 16 13 49 15 42 7 29 5 46 14 47 6 50 34 39 1 45 32 26 38 9 11 20 
46 47 11 4 6 19 24 31 28 16 49 30 3 17 38 27 21 9 36 13 25 48 40 50 42 46 45 33 37 23 18 20 1 5 2 39 12 15 8 7 35 34 10 32 22 29 14 
33 25 17 28 42 13 32 8 30 46 1 26 47 49 31 12 11 20 44 33 48 6 36 29 10 2 38 9 27 39 41 24 34 15 
41 17 6 9 45 11 5 7 35 27 49 28 13 44 29 1 14 36 10 43 42 31 18 15 21 19 2 32 12 26 47 33 48 40 16 34 30 3 41 24 38 37 
9 27 1 34 19 9 50 48 24 39 
18 8 26 22 50 5 35 31 44 30 18 45 24 13 1 36 28 33 11 
40 46 2 27 50 49 31 19 7 43 23 29 28 20 18 1 39 30 15 17 10 26 42 8 36 47 24 35 3 4 40 6 41 34 14 13 9 48 45 32 22 
13 28 43 21 13 30 26 41 48 33 5 32 9 46 
30 13 19 3 46 32 27 21 30 22 28 45 41 38 9 35 37 29 20 17 43 36 33 18 6 44 31 23 8 49 39 
22 25 20 35 42 5 38 50 29 33 8 22 44 15 21 30 28 12 48 18 43 13 3 
49 34 13 15 7 5 40 14 48 18 38 6 21 45 4 47 50 9 23 28 35 39 26 29 12 44 27 43 24 2 41 33 36 20 10 42 25 8 19 17 22 11 1 46 31 30 32 49 3 16 
10 2 24 31 28 4 38 48 30 9 45 
36 2 39 28 7 34 35 40 37 24 22 18 48 30 3 29 14 32 38 16 6 45 19 25 5 31 9 49 42 47 20 36 23 44 4 15 33 
8 38 49 3 39 26 18 20 1 
7 31 29 3 22 4 28 47 
46 50 29 48 15 14 22 2 39 13 3 4 44 34 18 45 37 17 6 35 27 11 20 1 7 46 33 36 38 24 9 28 16 31 5 30 21 26 25 49 43 10 41 40 19 42 8 
30 18 17 34 6 32 37 4 25 9 14 36 27 24 47 42 50 33 46 43 40 20 31 12 16 13 45 15 49 11 21 
43 29 10 11 20 37 35 31 15 8 3 27 28 41 18 34 26 5 36 47 6 1 49 14 25 33 48 23 42 46 22 9 38 39 2 43 24 30 40 19 7 32 17 16 
12 50 21 25 13 47 19 33 37 35 1 45 4 
9 19 25 42 17 49 3 30 6 39 
33 2 11 27 10 3 4 33 25 17 34 7 50 36 20 16 35 12 47 5 21 30 15 26 8 32 22 43 6 49 48 45 1 42 
5 30 8 15 49 12 
33 26 14 12 30 36 39 33 32 50 10 17 22 28 37 20 8 9 34 29 7 4 13 27 3 45 2 5 31 48 24 18 6 11 
33 50 44 31 10 32 38 22 40 48 4 36 46 45 11 17 12 1 28 25 6 21 2 26 23 16 27 34 37 15 47 33 41 7 
40 9 32 14 5 42 12 37 40 3 8 21 29 35 31 4 24 46 13 43 50 45 19 22 34 39 30 38 47 28 1 20 11 2 27 25 44 6 16 15 23 
8 5 41 36 39 18 13 31 46 
16 19 49 37 15 24 13 35 28 3 46 22 34 14 39 18 25 
7 50 4 16 22 47 44 15 
7 10 49 38 47 12 19 14 
27 14 49 9 15 41 18 42 26 46 25 6 36 39 10 31 3 45 40 33 35 27 37 12 30 34 13 38 
11 3 17 40 14 38 45 30 39 20 28 36 
7 15 48 38 30 1 20 40 
34 5 18 13 29 3 47 7 15 22 39 1 24 33 2 38 46 43 40 31 23 41 12 21 44 32 49 30 28 4 26 50 45 10 35 
2 1 7 
25 43 18 19 4 29 25 1 28 35 48 39 49 8 36 14 40 30 2 42 20 16 41 5 31 32 
42 48 47 28 46 44 49 36 26 3 30 24 32 1 6 35 13 45 8 33 41 5 18 50 43 40 20 27 29 17 2 16 19 37 38 15 12 23 21 7 11 31 25 
45 5 31 40 23 26 21 36 7 22 18 45 35 28 48 16 9 42 12 11 2 27 19 32 6 8 49 39 43 3 47 15 14 25 41 38 10 4 44 17 29 50 34 1 37 33 
48 34 11 19 38 7 45 42 36 3 23 40 47 37 15 17 46 4 5 41 10 21 31 8 1 20 14 33 49 44 35 28 39 26 12 50 16 18 22 43 48 6 30 2 13 32 25 24 27 
50 49 16 11 50 22 1 10 45 43 3 12 31 48 8 4 13 14 47 18 9 36 27 35 29 30 7 46 5 39 41 40 26 33 38 19 6 32 15 21 28 20 2 42 17 44 34 24 37 23 25 
29 20 35 38 22 45 40 46 36 48 13 2 26 44 9 16 23 17 37 11 10 24 41 3 39 8 34 5 19 12 
31 13 37 16 25 32 45 33 44 28 11 6 4 15 43 2 21 46 50 31 9 19 40 49 26 22 27 24 38 1 35 20 
16 14 1 6 28 21 34 13 11 49 36 48 9 35 8 2 20 
21 21 3 6 19 34 37 4 36 38 25 50 26 40 42 7 33 32 48 9 45 39 
1 42 
2 43 46 
44 15 19 37 38 14 7 21 23 26 41 9 20 44 40 12 13 6 46 25 24 2 16 27 45 35 49 1 43 32 3 48 22 42 50 29 34 36 17 5 8 47 28 30 33 
15 35 36 23 29 17 8 43 24 20 44 28 16 30 26 49 
20 28 47 12 4 2 14 40 29 19 22 24 10 32 44 1 27 21 46 11 50 
43 20 13 11 44 36 12 7 2 6 1 33 35 41 3 25 15 21 23 39 37 4 26 19 10 17 48 30 42 46 14 28 9 45 18 27 31 16 47 49 29 32 5 43 
18 26 5 11 30 15 23 29 24 35 44 33 12 49 38 17 13 7 40 
38 46 28 36 39 1 8 35 13 6 9 11 50 2 29 12 31 5 21 45 37 23 17 18 22 41 24 42 27 26 32 16 10 47 44 34 30 49 15 
8 45 14 41 29 42 28 48 21 
32 15 20 6 45 25 5 21 7 36 33 23 3 24 11 48 2 37 10 50 43 44 18 13 27 35 29 28 22 39 19 16 9 
8 49 2 40 27 3 42 37 39 
18 37 40 38 19 26 49 25 4 17 39 36 8 30 44 13 7 18 35 
32 30 25 35 47 20 12 44 18 40 7 33 13 6 4 5 31 43 3 9 26 28 2 21 1 48 14 41 36 15 24 32 29 
17 32 48 15 30 17 40 49 43 8 24 23 45 50 39 19 46 25 
38 3 36 32 37 38 34 12 29 24 19 9 43 35 40 5 13 39 6 22 41 42 30 25 47 46 33 4 2 26 45 16 14 18 31 10 48 20 8 
25 3 48 12 5 17 36 29 16 45 40 24 7 32 43 8 50 10 38 14 39 47 4 41 18 46 
3 5 39 46 
30 21 30 22 11 18 44 48 27 43 15 6 2 25 41 40 4 8 12 1 32 10 39 19 42 7 24 3 49 23 45 
17 8 35 45 26 10 6 31 48 39 9 36 49 41 12 38 32 29 
26 46 22 26 30 11 12 38 5 43 23 29 39 49 25 50 48 7 6 45 41 40 35 37 31 16 14 
41 36 5 23 32 2 11 29 41 39 35 21 50 38 16 3 27 34 47 28 45 46 7 13 22 15 6 10 37 18 20 17 24 14 42 30 12 40 4 9 25 43 
18 36 37 48 9 10 24 32 4 22 46 31 17 23 19 5 16 21 7 
27 28 44 21 3 9 5 4 37 42 38 43 49 22 25 46 36 23 50 33 16 48 17 39 10 12 32 8 
