108 245
25 11
106 19
25 60
98 28
70 71
4 40
100 90
13 33
6 32
61 74
51 16
54 86
50 33
12 18
98 96
6 86
107 29
99 103
15 106
51 56
27 75
66 79
10 91
100 105
69 23
105 31
96 30
37 33
11 100
22 21
55 81
67 102
88 70
26 84
88 69
44 99
66 41
37 86
30 88
36 79
2 65
34 62
85 77
39 100
98 72
66 39
47 52
13 54
22 30
79 104
61 70
79 21
80 107
63 33
45 105
97 72
20 14
12 103
80 69
9 69
86 27
51 55
107 100
99 30
86 18
14 106
78 61
17 17
94 38
46 16
42 105
32 90
90 103
104 22
92 93
73 8
94 98
32 73
6 17
47 65
62 2
84 102
14 21
99 21
107 45
107 20
21 47
99 2
80 20
23 72
22 69
14 38
58 3
61 41
54 49
26 38
103 19
16 61
2 87
59 91
49 97
52 91
17 24
92 4
78 69
68 70
11 51
59 85
76 82
102 102
37 45
23 79
95 63
95 41
45 44
54 76
77 95
42 49
100 81
11 97
37 51
3 38
55 83
77 9
47 64
39 58
101 28
91 104
42 22
102 80
56 21
96 63
98 54
44 43
3 96
74 66
70 14
53 97
97 84
72 46
50 81
67 91
35 76
66 106
105 10
8 97
15 97
2 8
22 78
19 33
80 22
38 6
108 50
99 78
65 93
32 78
19 30
18 67
8 107
86 56
25 46
71 14
38 71
34 58
26 32
93 93
107 102
95 44
44 3
12 42
42 92
4 51
49 47
14 10
89 6
57 102
80 14
55 31
31 103
27 37
27 46
33 37
3 42
13 49
86 48
82 67
101 38
47 6
19 30
93 23
25 23
21 59
99 73
6 94
16 31
36 99
63 48
81 31
86 19
56 2
35 49
60 58
12 59
74 3
103 9
97 12
67 53
31 75
64 57
84 88
91 56
32 16
24 70
55 26
46 5
99 27
56 25
2 17
65 39
108 78
59 53
24 52
37 57
80 70
78 67
14 90
8 83
45 75
71 43
1 78
98 32
58 26
25 40
18 48
22 85
48 50
96 5
74 104
13 61
21 82
44 1
90 102
41 55
96 88
36 79
