200
5 3
3 3 1 2 2
5 1
1 1 1 1 1
5 5
3 5 5 3 3
5 4
3 1 3 1 4
5 3
1 1 1 1 1
5 5
3 2 4 3 4
5 3
1 2 3 1 2
5 1
1 1 1 1 1
5 3
1 3 1 3 1
5 1
1 1 1 1 1
5 1
1 1 1 1 1
5 4
1 1 3 3 1
5 1
1 1 1 1 1
5 4
2 4 4 4 4
5 2
2 2 2 2 2
5 3
2 1 2 1 2
5 4
3 1 3 3 3
5 5
2 3 2 2 2
5 5
1 2 2 1 5
5 3
2 2 2 2 2
5 5
5 2 4 5 4
5 1
1 1 1 1 1
5 5
4 4 5 5 5
5 2
1 1 2 1 1
5 3
2 2 2 2 2
5 3
2 2 2 2 2
5 2
2 2 2 2 2
5 4
1 3 1 1 1
5 4
2 1 1 1 2
5 5
3 3 3 3 4
5 5
3 3 2 2 2
5 5
5 3 3 3 3
5 1
1 1 1 1 1
5 4
2 2 2 2 2
5 2
1 1 1 1 2
5 2
1 2 2 1 2
5 1
1 1 1 1 1
5 2
2 2 2 1 2
5 4
2 4 2 4 2
5 5
5 4 5 4 4
5 5
1 5 1 2 5
5 3
2 3 3 3 2
5 5
3 4 4 4 3
5 4
4 4 3 4 4
5 4
1 2 1 4 4
5 5
2 2 2 2 2
5 5
2 2 2 3 2
5 3
3 3 3 3 3
5 2
2 2 1 2 2
5 2
2 1 2 1 2
5 3
1 1 1 1 1
5 5
5 5 1 3 5
5 2
1 2 1 1 1
5 1
1 1 1 1 1
5 1
1 1 1 1 1
5 4
2 2 2 2 2
5 2
2 2 1 2 2
5 3
1 3 3 1 1
5 5
1 3 1 3 1
5 5
1 3 1 1 1
5 2
1 1 1 1 1
5 1
1 1 1 1 1
5 1
1 1 1 1 1
5 1
1 1 1 1 1
5 4
1 1 1 1 1
5 2
1 1 1 2 2
5 1
1 1 1 1 1
5 3
3 1 1 1 3
5 4
3 4 3 4 3
5 2
1 2 1 2 1
5 5
4 2 3 2 3
5 6
1 3 4 4 1
5 2
1 1 2 1 2
5 6
6 6 6 6 6
5 6
3 3 3 3 3
5 2
1 2 1 1 1
5 3
1 1 1 1 1
5 5
5 3 5 5 5
5 6
2 2 3 6 6
5 2
1 2 2 2 2
5 1
1 1 1 1 1
5 3
2 2 2 2 2
5 3
1 1 2 2 2
5 1
1 1 1 1 1
5 4
4 4 4 2 4
5 4
2 2 2 2 2
5 2
2 1 1 1 1
5 2
2 1 1 2 2
5 2
2 1 2 2 2
5 6
1 2 2 2 2
5 5
3 3 3 3 3
5 3
1 1 1 1 1
5 4
2 4 4 4 4
5 6
2 6 1 1 2
5 5
4 4 4 4 4
5 1
1 1 1 1 1
5 2
1 1 1 1 1
5 5
3 4 4 4 4
5 2
2 2 2 2 2
5 3
1 3 1 1 1
5 1
1 1 1 1 1
5 3
3 3 3 3 2
5 4
2 2 2 2 1
5 4
4 3 3 3 4
5 5
4 4 4 5 4
5 3
1 1 1 3 1
5 3
2 2 2 2 3
5 4
3 3 1 4 1
5 1
1 1 1 1 1
5 7
2 2 2 6 6
5 3
3 3 2 2 3
5 7
5 7 7 7 7
5 1
1 1 1 1 1
5 4
4 4 2 1 1
5 3
2 3 2 3 2
5 7
3 3 2 1 3
5 6
2 2 2 2 2
5 1
1 1 1 1 1
5 7
2 2 2 3 3
5 3
1 1 1 3 1
5 7
2 2 6 2 6
5 1
1 1 1 1 1
5 2
1 1 1 1 1
5 4
1 3 3 1 1
5 4
4 1 1 1 1
5 4
4 4 4 4 3
5 3
1 1 1 1 2
5 4
2 2 2 2 2
5 6
4 6 6 6 6
5 7
2 6 2 2 6
5 6
4 4 5 5 4
5 7
1 7 1 1 1
5 3
3 3 3 1 1
5 3
1 1 1 1 3
5 5
3 1 2 1 3
5 6
4 4 6 6 6
5 3
2 1 1 1 2
5 7
3 6 6 3 6
5 1
1 1 1 1 1
5 5
4 3 3 3 3
5 1
1 1 1 1 1
5 4
1 1 1 1 1
5 5
5 5 4 4 5
5 6
4 4 4 5 4
5 8
8 6 3 3 3
5 1
1 1 1 1 1
5 7
2 3 3 2 2
5 7
2 7 2 2 6
5 4
3 2 3 2 1
5 4
2 2 1 1 1
5 8
3 7 3 7 8
5 6
4 1 1 1 4
5 5
5 5 1 5 5
5 1
1 1 1 1 1
5 5
5 4 4 4 4
5 3
1 1 1 3 1
5 4
1 1 4 2 1
5 6
4 5 5 4 4
5 1
1 1 1 1 1
5 8
6 6 4 4 2
5 7
1 1 1 2 1
5 6
5 1 5 1 1
5 1
1 1 1 1 1
5 4
1 2 1 2 2
5 1
1 1 1 1 1
5 4
3 4 1 3 1
5 8
5 4 1 5 1
5 3
1 1 1 1 3
5 8
4 3 4 4 4
5 1
1 1 1 1 1
5 11
2 3 2 10 2
5 4
1 4 4 1 1
5 4
3 2 3 3 3
5 10
4 9 5 4 5
5 3
2 1 2 1 1
5 8
8 8 1 8 1
5 2
2 2 2 2 2
5 12
2 2 11 2 2
5 10
9 4 2 4 4
5 6
1 1 5 1 1
5 1
1 1 1 1 1
5 15
3 3 3 8 9
5 5
5 4 4 5 5
5 16
4 4 4 4 4
5 14
7 12 10 10 7
5 5
3 3 3 3 3
5 17
14 6 14 10 14
5 9
4 4 3 3 3
5 2
2 2 2 2 1
5 14
8 8 13 13 13
5 16
3 4 3 3 9
5 18
10 12 10 10 12
5 10
10 9 8 10 8
5 13
1 1 1 1 1
5 9
2 5 2 5 5
5 1
1 1 1 1 1
5 33
32 32 9 4 4
5 33
30 30 13 30 3
5 7
3 2 1 2 1
5 32
29 29 8 24 24
