95 70
-477954469 4
-632379040 1
-756841040 2
-822023295 2
275999524 13
-924414815 2
219391167 3
428262455 6
731501818 5
673960839 8
-408670722 5
379011796 10
310049946 5
787682194 13
-639873949 1
-10644847 9
-298342784 7
364032663 1
68050488 13
-609069898 7
-496131593 4
66861197 13
584236601 12
-494077745 10
-517674831 7
-452800072 10
-440042412 13
201816149 11
-384878151 7
-428667579 11
350574312 13
-967943730 12
-864788609 13
-747404069 6
-451367596 4
25832099 9
189697549 5
544398529 8
-378568409 8
69639780 5
94087095 7
760852306 11
219790953 2
-891775808 4
725306915 12
685103794 5
516460498 4
-609182353 8
909064367 8
997930538 1
-777657904 8
-364274675 10
186237832 5
773610871 6
110627033 8
-859183584 4
149362450 8
-857498153 8
-726991801 9
-223661652 13
417193849 10
96833165 4
-910332438 12
-299457628 9
-171005942 7
380830734 5
-585963042 2
-824168807 3
-852325614 1
166057991 12
-307763653 7
-266873811 6
109954374 7
-625133308 5
793022008 6
282965580 2
725812620 8
34797737 4
-774460656 8
618715485 8
-234568696 12
498530485 6
971700094 10
260386219 13
-240523006 6
973538205 1
-428198545 12
795638166 10
-371687500 11
934931520 6
599707615 13
560820763 10
8898988 1
-339490609 5
-463103233 6
