99 7
-510960343 8
-783059079 6
477718815 12
729485284 3
-415512441 7
-711756874 12
-163526561 9
221793226 11
-731793617 1
-587122284 4
638416694 12
-940548356 13
-414813270 11
646524360 11
-321583648 13
132249305 10
951222090 6
742833914 8
-164995495 5
801963757 9
728089821 8
-597999284 12
-623311096 2
147312033 10
364274228 4
492686443 11
-476056648 9
-805552720 13
536753697 3
-390422939 13
-249823515 9
-951965623 5
-563359736 10
39181396 1
-810912714 7
990980046 12
-970823713 1
107164387 13
-587972524 4
-261730822 8
741159721 13
270579835 13
-786354739 8
-556910215 11
178030926 3
244503729 10
-484389000 13
968770549 9
848073455 5
776517516 4
503042413 9
296463134 13
-729716226 2
-306493338 3
-708603663 9
919964535 6
-11267001 8
805707228 5
753469484 13
-455367555 2
-472761834 2
20427375 8
-656937035 7
508826068 6
-709382500 5
-105831344 3
-440033197 1
-501067074 13
49109784 9
-356653609 12
621146361 11
278683503 3
571896221 6
-306370498 9
805303193 5
-220625215 8
-993266479 12
-380043047 13
230698159 2
42350938 9
403827158 12
108740776 3
-675176604 1
-149808047 10
159991923 4
510168213 12
-351409549 8
111403851 2
-272721928 5
-367069362 2
-160668212 6
-991649924 6
400406053 3
-992073390 11
630465723 3
-578518150 8
317271199 8
876040853 3
493583731 8
