10
100
29 29 46 12 50 11 30 27 9 24 7 31 10 9 41 7 31 7 20 24 6 6 35 36 29 43 23 20 47 1 18 7 39 12 28 36 32 21 42 17 33 9 2 8 48 4 20 3 41 12 30 40 38 37 25 10 8 11 4 12 46 8 43 43 24 19 49 32 33 13 9 39 18 24 24 11 6 33 38 20 22 3 39 16 49 41 4 16 42 26 24 32 33 22 23 32 39 31 13 29 
100
12 38 14 36 3 9 45 5 19 5 4 29 32 21 32 43 27 36 26 29 4 43 17 14 10 35 31 20 3 49 32 23 32 45 35 25 6 49 9 34 1 49 4 39 3 23 28 36 34 37 9 25 4 11 27 44 45 2 7 12 38 49 3 38 6 7 43 10 30 3 9 48 18 45 43 7 34 23 22 32 27 21 31 18 42 31 46 41 48 18 25 49 7 26 32 19 38 43 6 22 
100
24 27 38 4 26 32 46 22 36 26 28 33 22 41 50 29 21 14 49 25 41 18 15 30 48 12 22 43 44 14 16 48 47 47 14 50 3 39 10 18 8 18 3 33 45 44 6 4 5 21 14 35 3 20 1 14 26 5 35 12 39 23 26 21 22 10 47 14 47 40 7 22 17 44 41 37 28 1 47 27 36 44 27 50 33 4 4 19 44 23 9 20 25 49 5 21 50 2 34 32 
100
29 14 10 49 9 37 8 39 36 24 34 27 7 1 21 26 4 47 29 19 19 2 41 17 11 42 33 46 14 24 48 34 19 31 2 23 20 43 4 8 18 6 14 20 36 2 45 18 23 23 23 12 31 35 15 7 47 5 45 1 16 26 6 38 2 40 12 16 48 44 38 6 21 16 40 17 50 38 50 11 44 20 2 39 27 40 19 42 3 45 17 42 48 22 37 1 4 18 28 18 
100
3 25 39 39 47 2 25 25 29 28 28 29 41 11 33 46 33 22 21 28 12 17 1 11 20 30 9 32 14 23 21 44 20 4 2 49 27 29 41 10 47 43 50 48 23 38 13 41 37 2 49 37 27 28 22 45 46 38 28 18 46 5 43 23 41 40 40 38 21 13 46 11 14 9 38 42 29 7 8 43 33 37 8 32 16 42 20 42 4 16 43 12 34 45 11 22 50 13 21 30 
100
8 19 33 13 23 47 17 26 23 18 8 14 36 40 15 16 40 16 38 45 22 41 19 5 43 42 24 25 39 49 44 43 25 2 20 12 42 15 13 42 28 13 28 10 11 17 17 10 50 38 49 44 12 28 33 5 9 17 14 8 31 47 35 38 12 12 15 17 10 24 39 15 46 6 38 33 47 50 9 32 27 37 30 33 47 34 23 13 46 42 30 30 3 18 12 18 42 22 44 9 
100
13 1 1 42 50 31 11 22 20 33 24 3 13 24 42 30 4 31 24 19 2 14 36 46 6 14 6 38 36 11 28 6 46 38 40 35 9 28 14 47 31 11 11 20 44 26 2 36 49 33 18 24 28 40 14 32 17 39 44 20 37 2 7 41 14 43 35 23 28 18 46 1 20 31 23 39 4 41 34 12 18 12 25 3 39 47 18 44 12 13 28 17 33 16 18 42 10 16 13 4 
100
37 19 41 10 5 22 46 15 17 23 3 38 38 13 15 45 27 36 1 49 18 24 28 9 25 17 8 32 16 16 37 44 27 50 5 16 42 11 6 5 22 47 29 38 21 19 50 34 45 22 40 44 45 17 13 42 1 38 32 36 32 37 11 34 5 33 45 24 25 5 23 12 24 47 41 3 35 15 40 49 31 1 21 14 21 40 26 10 45 14 16 39 38 16 19 20 10 32 17 11 
100
12 37 19 23 37 26 30 6 20 30 24 6 47 38 34 7 25 44 47 32 14 35 9 36 28 7 30 9 30 26 16 3 16 46 39 23 42 20 19 12 19 17 45 12 20 26 23 15 34 31 46 35 13 9 30 12 19 27 44 12 33 45 41 23 40 41 24 1 38 31 28 1 26 3 23 45 20 36 13 28 2 28 36 25 9 11 27 30 21 32 36 9 47 8 15 2 10 45 9 27 
100
22 26 27 8 20 49 4 48 1 2 20 18 40 29 40 6 7 6 25 30 20 46 27 11 7 43 24 17 19 32 31 22 33 4 47 13 36 43 49 46 12 28 22 36 14 4 23 1 40 7 41 2 18 40 34 11 22 1 23 44 3 25 32 45 25 11 36 45 46 27 20 3 14 17 5 7 32 4 23 16 33 36 33 16 10 19 28 15 45 15 31 36 27 37 33 18 30 40 24 25 
