92
3 1 500000
3 328547 362135
3 290433 294357
3 194851 234446
3 85659 144345
3 316300 318409
3 146901 186599
3 131393 183833
3 455991 462220
3 461319 479334
3 313008 404340
3 49551 118280
3 107322 192229
3 186713 261441
3 57581 95204
3 116207 183063
3 135047 225958
3 298068 364285
3 178925 204761
3 191451 281235
3 394143 424712
3 259452 342506
3 14777 27588
3 204010 249337
3 199223 291660
3 230737 301245
3 297027 319816
3 420437 430338
3 446687 466688
3 323938 408583
3 412408 450990
3 325221 335468
3 271478 365866
3 153366 237829
3 15132 50411
3 81609 107058
3 325863 411069
3 429745 433321
3 170942 206563
3 386941 443458
3 305825 364698
3 406036 443197
3 201656 270924
3 94404 145871
3 152101 231761
3 300182 309845
3 123104 136509
3 159017 195141
3 251760 286557
3 267236 308531
3 296582 310978
3 75406 82600
3 497666 499504
3 213197 223222
3 320250 356371
3 101214 155842
3 456596 460297
3 48858 52523
3 199238 241085
3 359510 393096
3 4512 56389
3 179943 274613
3 281440 294416
3 69 32331
3 59350 98449
3 80718 105376
3 26956 95057
3 107450 147742
3 315856 351572
3 225490 268999
3 141469 220701
3 49237 98513
3 445052 489422
3 301516 335237
3 160813 163830
3 393901 439071
3 11468 71327
3 438469 491039
3 18467 41783
3 167745 182509
3 173521 264633
3 252376 327094
3 150711 235060
3 43902 115531
3 178488 250237
3 442046 462892
3 373021 460786
3 5971 41471
3 398203 459007
3 281307 292209
3 184074 256051
3 1 500000
