91
8 5281212399065027 5281212399256267
13 5552143037303920 5552143037471981
13 7558265731455994 7558265731463037
11 7076572322930083 7076572322932321
19 1835101475080471 1835101475080952
5 2693172471993263 2693172471999657
18 1614059812790943 1614059812791930
20 1848195870726159 1848195870732074
13 1680226729811019 1680226729812184
3 841372676874301 841372676874440
13 1225493858904021 1225493858908682
15 3109852277543310 3109852277543405
13 1068537422422079 1068537422424412
14 6263396489401836 6263396489404680
3 1746899709879011 1746899709879613
18 3243714693990153 3243714693992224
16 5596369981712890 5596369981719187
15 8458573420028290 8458573420028519
12 1837865005656035 1837865005656299
10 5245171945604826 5245171945605184
4 6632376463064095 6632376463067451
12 7389507091162365 7389507091162983
7 7642298578140891 7642298578146668
4 3106216491307423 3106216491308655
10 2355873479846416 2355873479847358
10 3708217992615402 3708217992620089
15 8459449996572615 8459449996578535
10 8023152894737013 8023152894739678
16 8796708608300425 8796708608306249
14 6579510483221421 6579510483227278
3 3768353096823708 3768353096827266
17 3008726709695993 3008726709696920
11 4949321926559973 4949321926561867
18 5953533779657202 5953533779657440
7 7628400079151019 7628400079152499
2 8771987105216337 8771987105218564
14 6234014746325336 6234014746326138
9 857903784570004 857903784574237
2 2197120698030340 2197120698034562
4 8139749125769977 8139749125770518
10 2763028735185592 2763028735187319
6 7035547394819147 7035547394822927
14 9622771238535539 9622771238536658
4 1506867872296157 1506867872301041
20 5808497780613679 5808497780617325
8 6628965967058214 6628965967063714
2 9514976290929234 9514976290935366
12 9868939265023146 9868939265029366
5 1366411199436681 1366411199439687
13 7641992912132019 7641992912132797
17 7463048228165578 7463048228172598
19 5756616007688753 5756616007689542
16 9588866333345631 9588866333351434
11 2984613562728323 2984613562733599
15 2004263601552772 2004263601553978
15 5509086773366191 5509086773366419
12 7046443162523911 7046443162526086
13 1243702844074135 1243702844079399
19 8111556204298433 8111556204304905
18 3904912927274006 3904912927275352
10 2730980683160912 2730980683164905
16 2099271811295816 2099271811295824
8 7758170226794629 7758170226794773
7 1628856571385799 1628856571386061
14 5653368872402939 5653368872407024
5 7239750989221847 7239750989228174
11 2724127730411988 2724127730412113
2 3058505320691427 3058505320694887
19 9614221372304542 9614221372309005
6 126763462081341 126763462083030
18 9881364143232948 9881364143239518
11 5672084804635273 5672084804639683
8 81776008718705 81776008724598
16 3740723941369855 3740723941372033
13 2130683966220713 2130683966223337
13 276613864424500 276613864429783
20 7760538204257128 7760538204258117
11 9634185067166077 9634185067168779
11 8327313968386527 8327313968387551
14 1776392846296223 1776392846301661
5 2757439982566290 2757439982570676
9 7253892801679759 7253892801681215
6 1815752119425050 1815752119428623
13 6200873037633465 6200873037635464
10 924669906857533 924669906863849
9 4962540514234978 4962540514235368
15 4910228534455403 4910228534456523
10 74545547732676 74545547735153
17 2587702034073074 2587702034074801
19 2410668870346190 2410668870351182
14 2921685290040949 2921685290047654
