93
2 1 1000
2 1 1000
2 108 878
2 278 560
2 204 495
2 119 484
2 23 724
2 32 758
2 399 617
2 172 697
2 277 994
2 639 944
2 555 995
2 108 917
2 688 941
2 262 989
2 76 907
2 358 886
2 758 765
2 43 989
2 180 546
2 133 345
2 23 450
2 185 483
2 48 831
2 492 841
2 612 835
2 153 512
2 332 353
2 96 876
2 664 918
2 79 909
2 12 889
2 43 846
2 279 883
2 725 886
2 301 759
2 461 759
2 34 49
2 70 866
2 66 243
2 522 617
2 332 582
2 15 755
2 45 797
2 6 992
2 397 464
2 130 849
2 92 837
2 51 495
2 51 995
2 83 851
2 86 833
2 691 697
2 82 983
2 324 377
2 127 901
2 340 800
2 220 927
2 7 853
2 35 560
2 297 976
2 574 834
2 233 901
2 513 829
2 189 966
2 682 715
2 382 575
2 575 858
2 557 715
2 26 457
2 133 758
2 184 904
2 699 729
2 407 777
2 184 998
2 518 896
2 3 965
2 60 988
2 89 667
2 13 242
2 71 335
2 339 639
2 135 549
2 885 915
2 731 968
2 227 448
2 40 452
2 344 984
2 351 544
2 428 994
2 204 980
2 253 411
