1000
1 2 15633
1 3 18733
2 4 3686
2 5 16402
3 6 17277
2 7 6750
6 8 30119
5 9 23564
4 10 27082
4 11 7007
2 12 25433
6 13 2931
8 14 9091
14 15 5399
15 16 26795
10 17 29151
11 18 537
13 19 32116
14 20 19439
9 21 12591
5 22 10078
8 23 32230
23 24 17177
14 25 30726
10 26 18442
17 27 2530
26 28 15941
23 29 8267
11 30 15930
3 31 1377
2 32 16942
3 33 23976
33 34 11244
23 35 31583
4 36 21175
18 37 31757
3 38 11652
11 39 25692
5 40 28006
32 41 11818
6 42 7242
39 43 31966
29 44 5092
18 45 27640
35 46 24809
1 47 11245
4 48 26239
15 49 24881
15 50 22002
27 51 31125
22 52 20136
1 53 27603
18 54 14935
47 55 5479
14 56 14709
2 57 10913
14 58 13296
7 59 27897
26 60 25120
23 61 7074
5 62 25082
40 63 21090
18 64 11398
41 65 19104
6 66 32659
35 67 12991
61 68 4009
42 69 4010
41 70 5695
65 71 23728
70 72 4142
68 73 23955
19 74 16486
16 75 22235
55 76 19167
51 77 8304
45 78 31699
78 79 18024
20 80 3883
6 81 11294
62 82 3127
81 83 25988
33 84 2465
6 85 15034
40 86 28068
82 87 2527
47 88 32377
31 89 31527
49 90 22290
20 91 15149
63 92 5131
25 93 12171
1 94 19678
30 95 22953
2 96 11606
64 97 23506
16 98 17222
85 99 21645
48 100 21626
92 101 1066
34 102 20718
49 103 28827
61 104 13630
50 105 31621
68 106 29022
32 107 7831
68 108 10123
25 109 16923
8 110 22401
65 111 25034
18 112 18927
14 113 29669
110 114 20520
104 115 18049
39 116 11291
81 117 18211
71 118 13445
1 119 26764
34 120 2405
37 121 6870
11 122 27825
48 123 2496
115 124 4935
52 125 5447
78 126 550
92 127 14454
109 128 19422
40 129 21118
30 130 16965
27 131 1545
58 132 28780
103 133 8908
52 134 28881
92 135 19803
30 136 29654
89 137 22850
121 138 2674
39 139 2385
139 140 2343
25 141 10807
107 142 5940
106 143 15187
71 144 15883
71 145 6598
94 146 3333
129 147 25037
138 148 9557
36 149 31310
123 150 16955
44 151 32432
110 152 4474
53 153 31472
88 154 28683
52 155 11761
146 156 24339
156 157 17940
110 158 17683
17 159 19465
20 160 20318
66 161 12261
138 162 2001
96 163 11380
134 164 29374
100 165 29904
52 166 18729
36 167 24626
124 168 9015
9 169 2057
87 170 9955
25 171 3145
6 172 3827
161 173 29190
33 174 7722
27 175 20545
74 176 21184
82 177 16130
151 178 28175
142 179 15527
63 180 9359
110 181 32123
112 182 2564
97 183 22922
41 184 3574
93 185 19636
47 186 7266
135 187 15617
35 188 13999
177 189 31540
133 190 6371
185 191 12707
182 192 16151
45 193 13637
174 194 24361
82 195 27917
84 196 10928
46 197 17270
103 198 27957
43 199 22112
66 200 23200
146 201 22810
106 202 8688
8 203 23744
72 204 6191
39 205 29383
81 206 4005
116 207 24022
12 208 12109
173 209 17623
74 210 24197
127 211 7247
103 212 6409
12 213 14826
150 214 16162
157 215 18011
201 216 13851
47 217 354
206 218 27893
105 219 3118
204 220 6492
188 221 11750
20 222 16601
186 223 18051
145 224 25160
138 225 25568
23 226 21389
84 227 11540
187 228 10115
112 229 6143
108 230 12341
60 231 7459
111 232 29009
93 233 23989
169 234 5849
67 235 28660
208 236 17436
187 237 17850
226 238 20197
184 239 24913
131 240 15090
234 241 19591
10 242 2471
221 243 1541
205 244 12804
235 245 22748
23 246 21717
56 247 21089
76 248 296
99 249 19003
115 250 7428
185 251 12474
199 252 18008
212 253 5995
157 254 16434
117 255 10217
3 256 16433
119 257 31989
219 258 12349
100 259 4553
3 260 14453
121 261 15274
169 262 9577
192 263 25021
16 264 32394
33 265 26395
124 266 24799
253 267 31527
24 268 29177
95 269 17440
212 270 32552
153 271 6130
89 272 7407
232 273 14162
221 274 23222
51 275 16137
239 276 24255
44 277 17296
127 278 32347
73 279 19166
35 280 9822
39 281 6270
205 282 10192
127 283 32740
194 284 15589
65 285 12545
204 286 23087
264 287 13077
284 288 8211
22 289 453
210 290 122
108 291 109
62 292 27848
66 293 14263
104 294 8210
177 295 4461
171 296 22924
262 297 1675
284 298 6976
197 299 29593
256 300 16646
277 301 1847
54 302 944
263 303 32506
119 304 15493
104 305 9846
297 306 31985
81 307 19612
200 308 20090
202 309 9031
124 310 12022
11 311 15633
310 312 7419
221 313 7531
128 314 18584
137 315 3821
4 316 15426
307 317 13290
313 318 4625
128 319 1352
276 320 2349
70 321 13198
174 322 3971
204 323 7743
295 324 5052
217 325 21863
307 326 13167
181 327 22899
304 328 6549
188 329 3397
119 330 8510
285 331 3720
142 332 4227
120 333 26689
322 334 32700
39 335 21415
174 336 16627
104 337 31541
53 338 23448
159 339 29693
279 340 28789
50 341 24895
154 342 6629
84 343 30266
96 344 7233
180 345 19010
73 346 31388
246 347 13075
274 348 17328
299 349 6501
149 350 11031
2 351 31681
267 352 17087
103 353 5010
213 354 26776
318 355 20607
229 356 15503
57 357 7672
109 358 12992
301 359 9999
226 360 5607
28 361 3210
288 362 3608
165 363 16694
169 364 32689
100 365 126
21 366 22156
158 367 4923
128 368 4473
170 369 22222
365 370 8683
358 371 14957
222 372 29681
122 373 9914
362 374 12904
102 375 922
114 376 7024
60 377 20548
28 378 31004
77 379 408
89 380 4718
72 381 6835
223 382 10370
93 383 13248
345 384 21513
346 385 25360
253 386 22265
90 387 15470
90 388 13955
302 389 23212
289 390 12614
84 391 10114
357 392 26050
61 393 21913
321 394 15631
364 395 16610
238 396 28110
354 397 10540
364 398 11105
280 399 31478
351 400 21847
349 401 6785
121 402 15146
51 403 25898
312 404 18477
56 405 23799
62 406 11200
23 407 12912
50 408 20934
357 409 8368
266 410 16217
149 411 20411
149 412 10172
274 413 12562
20 414 19856
184 415 2693
318 416 1099
318 417 9033
229 418 26087
171 419 18250
304 420 4311
52 421 5314
80 422 575
170 423 18443
224 424 24676
167 425 31154
345 426 18786
226 427 716
392 428 31261
192 429 31629
84 430 24953
326 431 2070
30 432 29646
114 433 26511
171 434 21142
10 435 31094
152 436 7273
323 437 11574
19 438 31020
314 439 4092
279 440 13957
376 441 27846
306 442 2193
395 443 12989
371 444 17114
337 445 5572
246 446 7555
420 447 7505
20 448 23238
307 449 5499
258 450 24737
381 451 5717
32 452 6859
212 453 5499
344 454 14573
199 455 13802
397 456 7439
378 457 18965
247 458 3664
422 459 15413
459 460 987
16 461 20704
347 462 7190
328 463 30685
316 464 5149
456 465 7991
275 466 21358
51 467 15504
447 468 24550
199 469 184
343 470 19948
388 471 27006
401 472 236
436 473 9670
400 474 20487
464 475 32732
467 476 25352
74 477 16904
58 478 23450
458 479 18787
220 480 7865
473 481 15080
460 482 21095
322 483 3790
193 484 25504
177 485 26134
164 486 10383
224 487 24160
316 488 29442
23 489 22530
207 490 10012
347 491 25179
114 492 10825
138 493 16997
285 494 15991
98 495 18314
89 496 7556
238 497 25273
286 498 26866
441 499 13240
382 500 16866
345 501 188
219 502 7488
103 503 19511
413 504 10299
377 505 31985
205 506 20728
437 507 19546
18 508 18311
124 509 28447
151 510 2838
486 511 11259
353 512 22372
336 513 21712
215 514 1657
233 515 22006
438 516 14997
279 517 20434
298 518 25702
160 519 28331
23 520 31101
212 521 29882
68 522 28419
33 523 10880
261 524 19624
376 525 10589
448 526 27613
70 527 13405
445 528 14147
135 529 4949
143 530 32355
7 531 9263
366 532 12703
416 533 5762
444 534 6760
410 535 1382
201 536 25522
176 537 25478
69 538 1701
164 539 28022
268 540 28566
199 541 5703
115 542 28469
382 543 8793
156 544 19464
345 545 25713
497 546 2072
179 547 20747
307 548 12010
47 549 23538
179 550 16304
409 551 21517
421 552 1985
420 553 12668
494 554 327
216 555 2532
251 556 2615
48 557 7942
460 558 1927
42 559 15255
491 560 18587
208 561 21067
399 562 16128
325 563 4916
491 564 24156
196 565 27466
427 566 14501
72 567 8779
447 568 10898
504 569 2757
180 570 11343
348 571 30832
498 572 6773
171 573 28866
302 574 2873
85 575 18878
483 576 996
499 577 11021
398 578 8835
190 579 9551
247 580 4063
295 581 21427
311 582 19887
274 583 15301
270 584 13581
420 585 24456
213 586 14631
195 587 13765
455 588 16951
281 589 31906
60 590 13493
124 591 6774
242 592 30922
347 593 220
520 594 5641
585 595 17927
29 596 14170
9 597 26709
314 598 11062
145 599 28710
314 600 13338
225 601 25582
426 602 15669
477 603 17033
107 604 18276
417 605 30671
605 606 8801
444 607 32617
554 608 17976
287 609 10723
565 610 24826
337 611 14337
383 612 27828
609 613 16471
594 614 24994
87 615 4884
116 616 22689
358 617 4127
366 618 12771
24 619 9061
289 620 5094
63 621 23409
203 622 22183
429 623 20029
494 624 12051
71 625 16455
81 626 11966
216 627 16872
175 628 27607
296 629 14049
55 630 25948
385 631 31799
385 632 30602
395 633 8258
281 634 29848
139 635 24832
141 636 13732
544 637 25775
483 638 14318
63 639 24730
327 640 6724
91 641 8755
609 642 3773
117 643 11874
191 644 5290
85 645 27421
87 646 3786
18 647 1849
290 648 2493
232 649 5247
452 650 18107
519 651 2051
57 652 24198
415 653 5297
152 654 4253
131 655 5161
468 656 4787
372 657 29133
26 658 29791
495 659 19479
387 660 27413
204 661 16433
87 662 6741
469 663 5055
312 664 11298
174 665 12543
272 666 19894
121 667 10517
34 668 25716
596 669 12448
444 670 3870
270 671 19089
650 672 18248
489 673 5437
449 674 14093
108 675 28081
201 676 5888
509 677 23877
628 678 10341
114 679 1396
346 680 8098
36 681 32234
155 682 4848
650 683 22751
179 684 16726
648 685 16804
113 686 17880
540 687 27003
476 688 2796
450 689 13996
594 690 4653
400 691 27093
635 692 25683
217 693 11650
305 694 15715
601 695 17405
246 696 18723
403 697 18280
227 698 977
670 699 12296
226 700 4884
9 701 5348
440 702 11059
194 703 23183
507 704 21637
136 705 17474
475 706 9513
264 707 6957
661 708 17142
447 709 24591
563 710 16821
138 711 15109
456 712 12686
130 713 7583
658 714 29121
127 715 19257
33 716 7063
630 717 15241
691 718 6551
679 719 2932
28 720 16124
290 721 28710
287 722 29543
391 723 24673
474 724 18130
43 725 26645
277 726 453
71 727 23090
322 728 1484
545 729 21690
462 730 4648
102 731 19226
336 732 16581
572 733 2746
168 734 20332
11 735 28115
378 736 2362
696 737 12417
27 738 25681
45 739 7193
672 740 10189
138 741 31932
81 742 11770
174 743 5420
5 744 5828
736 745 1247
734 746 32366
114 747 21586
132 748 3207
65 749 7072
69 750 28442
217 751 30547
107 752 5670
195 753 16250
195 754 17229
205 755 13564
146 756 16848
427 757 6443
532 758 23227
31 759 25500
36 760 22877
224 761 2615
734 762 13307
668 763 3978
1 764 11462
460 765 19298
678 766 32521
454 767 8605
157 768 27815
378 769 6970
150 770 16325
714 771 5554
655 772 5316
414 773 31883
42 774 114
290 775 16682
256 776 26241
560 777 1257
24 778 5176
2 779 10601
92 780 29544
525 781 15146
407 782 27042
42 783 27224
367 784 14247
709 785 1512
102 786 27936
99 787 11492
17 788 17551
363 789 10755
692 790 31622
103 791 11645
509 792 31511
217 793 22813
510 794 25739
380 795 21144
445 796 22102
321 797 20509
532 798 32075
38 799 21293
615 800 17933
301 801 1453
713 802 17094
204 803 27962
783 804 6427
487 805 26812
681 806 3167
191 807 11326
165 808 30726
249 809 12029
525 810 20061
173 811 16318
559 812 28537
39 813 13157
538 814 27757
659 815 25028
261 816 2753
24 817 25777
762 818 7199
709 819 19803
518 820 32334
469 821 17374
737 822 22373
113 823 17684
570 824 25144
530 825 29358
773 826 24343
336 827 10628
121 828 31928
171 829 21034
254 830 19825
321 831 8132
666 832 7338
433 833 12571
562 834 14483
261 835 18416
597 836 1042
262 837 2704
181 838 25856
266 839 936
554 840 25236
668 841 21595
39 842 2079
824 843 19602
58 844 24570
330 845 23955
842 846 6845
464 847 6870
117 848 14002
61 849 15635
761 850 15242
787 851 23456
824 852 24142
569 853 20474
26 854 8600
694 855 30626
301 856 17922
597 857 18474
186 858 7903
241 859 27023
365 860 7977
699 861 19145
852 862 12987
585 863 25761
700 864 14272
198 865 7875
267 866 11372
742 867 2836
141 868 25834
638 869 27461
164 870 23957
21 871 13481
387 872 32106
295 873 1603
843 874 23741
586 875 17700
36 876 25644
574 877 21236
29 878 22482
151 879 4814
537 880 8893
99 881 12369
758 882 30369
22 883 23795
238 884 5069
865 885 30617
403 886 19807
6 887 21093
499 888 7604
538 889 2767
366 890 24355
420 891 10232
637 892 31979
204 893 29498
227 894 12393
717 895 16132
141 896 7823
556 897 4069
796 898 27025
24 899 23526
661 900 2785
151 901 21533
811 902 2398
122 903 27775
342 904 24521
356 905 5622
876 906 10104
103 907 24244
588 908 23374
576 909 27846
354 910 18154
484 911 1772
856 912 30239
714 913 8104
121 914 14500
90 915 5781
418 916 3597
623 917 9210
558 918 3578
206 919 8863
775 920 8335
183 921 11231
46 922 6948
11 923 14847
630 924 5437
598 925 17598
347 926 2492
530 927 3117
460 928 6229
644 929 1473
418 930 31555
35 931 8103
47 932 1337
98 933 20055
872 934 15260
382 935 6252
43 936 24815
738 937 5299
660 938 911
799 939 3714
594 940 25760
375 941 17483
516 942 19271
929 943 29808
126 944 6169
307 945 11353
874 946 11476
824 947 3525
642 948 31821
474 949 32349
802 950 22186
858 951 30095
385 952 17873
502 953 23705
484 954 3617
426 955 13540
879 956 10079
269 957 30868
521 958 16883
156 959 26973
255 960 11348
237 961 16792
159 962 11457
705 963 31638
448 964 9010
129 965 9012
4 966 1934
742 967 26031
61 968 6174
522 969 21434
112 970 19522
59 971 2510
194 972 24418
743 973 12994
477 974 2088
232 975 6299
557 976 12268
412 977 14245
10 978 15984
803 979 1987
874 980 19918
947 981 28675
462 982 23214
59 983 6261
8 984 17596
470 985 3646
548 986 13146
455 987 28136
15 988 12945
406 989 2044
157 990 7246
483 991 13267
586 992 8651
487 993 17577
919 994 2379
106 995 21747
804 996 29706
458 997 23538
960 998 16500
267 999 16777
235 1000 23701
